1 0.6804458798 -0.7314378405 0.0446328361 3639.236961 -0.7298356009 -0.6819080306 -0.0483883609 1708.205377 0.0658285676 0.000351028 -0.9978308857 122.056814
43 0.7161960674 -0.6963590469 0.0463386534 3639.356634 -0.694724661 -0.7176908325 -0.0477233098 1708.075661 0.0664893853 0.0019866415 -0.9977851547 122.0679842
51 0.759339777 -0.6490044943 0.0468643722 3639.51737 -0.647222302 -0.7607568307 -0.0485008901 1707.919757 0.0671296869 0.0064969883 -0.997723105 122.0826517
60 0.802679168 -0.5943529246 0.0495050928 3639.699516 -0.5924240523 -0.8041435412 -0.0488559857 1707.764653 0.0688468986 0.0098876743 -0.9975782368 122.0956748
65 0.8370630305 -0.544714083 0.0511082257 3639.866992 -0.5426402941 -0.8385112548 -0.0494002721 1707.641022 0.0697638464 0.0136177588 -0.9974705822 122.1077323
69 0.8681855676 -0.4933691833 0.0532979281 3640.04398 -0.4911193232 -0.8696463217 -0.0501705644 1707.528875 0.0711029575 0.0173817175 -0.9973175248 122.1207798
73 0.8964456064 -0.4397513465 0.0548090141 3640.268277 -0.4370747089 -0.8977755688 -0.0544493062 1707.412694 0.0731503495 0.0248552075 -0.9970111559 122.1338445
76 0.9098363743 -0.4110776708 0.0566826297 3640.472677 -0.4082423716 -0.9111937433 -0.0553545676 1707.315449 0.0744038843 0.0272233479 -0.996856535 122.1478017
79 0.9184029438 -0.3909498625 0.0607802425 3640.711831 -0.3879572485 -0.9200038578 -0.0555164396 1707.208265 0.077622202 0.027406326 -0.9966060842 122.1630941
81 0.9219746458 -0.3820550999 0.0632190883 3640.905268 -0.3789069325 -0.9237133438 -0.0564198096 1707.126739 0.0799517914 0.0280634832 -0.996403609 122.1745416
83 0.92289641 -0.3792778689 0.0664117045 3641.134908 -0.375981557 -0.924868151 -0.0570681353 1707.030888 0.0830667511 0.0276984012 -0.99615898 122.1885127
85 0.9202379259 -0.3850844107 0.069800834 3641.404414 -0.3816713756 -0.9225069314 -0.0575145418 1706.919324 0.0865397066 0.0262860824 -0.9959015619 122.2069256
87 0.9145596305 -0.3976241017 0.073998352 3641.71541 -0.3942384648 -0.9172740781 -0.0564295895 1706.784364 0.0903145349 0.0224352279 -0.9956605573 122.2291897
89 0.9054608101 -0.4175279581 0.0762307394 3642.070417 -0.4138527493 -0.9083858437 -0.0596746259 1706.631876 0.0941627493 0.022484734 -0.9953028752 122.255214
90 0.8994937163 -0.4301837909 0.0765046429 3642.263515 -0.42640787 -0.9024649006 -0.0611018138 1706.545552 0.0953277648 0.0223385158 -0.9951952612 122.2710342
91 0.8929936611 -0.4433219423 0.0776400453 3642.463836 -0.4394658514 -0.8961078126 -0.0621333542 1706.451279 0.0971189304 0.0213645428 -0.9950434511 122.2878361
92 0.886019793 -0.4567994141 0.079392831 3642.669999 -0.4529846659 -0.8893702723 -0.0618499088 1706.347596 0.0988626258 0.0188365084 -0.9949227946 122.3069182
93 0.8786148935 -0.4706814179 0.0805907671 3642.883983 -0.4669654024 -0.8821557526 -0.0611926562 1706.235668 0.099895855 0.0161316791 -0.9948671203 122.327819
94 0.8709384999 -0.4848937042 0.0796506439 3643.106851 -0.4811766692 -0.8744338642 -0.0619227766 1706.117637 0.0996751849 0.0156048986 -0.9948976554 122.3493904
95 0.8631002273 -0.4995230283 0.0743958452 3643.342735 -0.4956302769 -0.8660834782 -0.0651923109 1705.994839 0.096998073 0.019394665 -0.9950955838 122.3717469
96 0.8545613016 -0.5143881653 0.071622603 3643.582213 -0.5105262057 -0.8573289109 -0.0659555294 1705.862557 0.095330872 0.0197978274 -0.9952487482 122.396342
97 0.8451720933 -0.5292773352 0.0744958739 3643.817617 -0.5257199551 -0.8483344273 -0.0628269705 1705.714648 0.0964503061 0.0139356347 -0.9952402406 122.424886
98 0.8362556788 -0.5425093709 0.0797497473 3644.053137 -0.5394303692 -0.840031988 -0.0579753037 1705.554793 0.0984444843 0.0054627413 -0.9951275506 122.4544307
99 0.8280043421 -0.5545547492 0.0829327408 3644.296097 -0.5517316323 -0.832147079 -0.055887788 1705.390239 0.1000050762 0.0005187147 -0.9949867917 122.4815783
100 0.8197417927 -0.5668399957 0.0819500611 3644.550507 -0.5639114378 -0.8238273395 -0.0575534969 1705.224344 0.1001363247 0.0009664299 -0.9949732572 122.5090411
101 0.811841193 -0.5785205994 0.0789163697 3644.811378 -0.5753995895 -0.8156607322 -0.060107257 1705.051468 0.0991422702 0.0033891005 -0.9950674973 122.538164
102 0.8041634801 -0.5894591843 0.0765438909 3645.07404 -0.5863417244 -0.8077887121 -0.060669423 1704.86817 0.0975934397 0.0039072573 -0.9952186965 122.5706592
103 0.7962148805 -0.6002198649 0.0760130113 3645.337471 -0.5971261945 -0.7998289135 -0.0609427351 1704.674633 0.0973764444 0.0031341523 -0.9952426866 122.6016254
104 0.7880218128 -0.6108726444 0.0765260403 3645.605923 -0.6074295397 -0.7917150022 -0.0649361959 1704.479128 0.1002545599 0.0046869614 -0.9949507805 122.623506
105 0.7810904206 -0.6196276758 0.0771964909 3645.874085 -0.6160962376 -0.7848849657 -0.0661892485 1704.273464 0.1016030553 0.0041393204 -0.9948164078 122.6503901
106 0.7752199916 -0.6268728199 0.077874465 3646.141226 -0.6237131987 -0.7791215838 -0.0628601892 1704.054699 0.1000790206 0.0001591437 -0.9949794793 122.6868748
107 0.7697025341 -0.6334525591 0.0793464835 3646.412913 -0.6306423437 -0.7737708918 -0.0597397803 1703.829029 0.099238316 -0.004057392 -0.9950554227 122.7247964
108 0.7655379499 -0.6384182796 0.0798357537 3646.692919 -0.635608872 -0.7696746613 -0.0600189766 1703.598537 0.0997647685 -0.004797509 -0.9949994849 122.7591093
109 0.7626131573 -0.6419719838 0.0793293405 3646.98315 -0.6389345243 -0.7667219864 -0.062450535 1703.3612 0.1009150434 -0.0030606547 -0.9948903389 122.7911094
110 0.7596974123 -0.6456832739 0.0771553728 3647.284165 -0.6423539811 -0.7636053133 -0.065485024 1703.115671 0.1011988373 0.0001877425 -0.9948662021 122.8241629
111 0.7556723674 -0.6505188639 0.0760557741 3647.594663 -0.6470052911 -0.7594878845 -0.0675448485 1702.85851 0.1017026371 0.0018332873 -0.9948131546 122.859686
112 0.7510250683 -0.6558847537 0.0760035305 3647.912013 -0.6523386489 -0.7548593722 -0.0681294024 1702.587085 0.1020570136 0.0015868486 -0.9947772856 122.8994781
113 0.746337414 -0.6611142984 0.0768657845 3648.236234 -0.6576897306 -0.7502850974 -0.0672048431 1702.302137 0.1021013353 -0.0003963482 -0.9947739242 122.9402984
114 0.7417143877 -0.6663386042 0.0765024945 3648.569886 -0.6629392079 -0.7456488024 -0.0672270047 1702.006459 0.1018399419 -0.0008532665 -0.9948004313 122.982551
115 0.7371802485 -0.6715231706 0.0749794147 3648.913783 -0.6680790552 -0.7409835565 -0.0679245536 1701.701756 0.1011714249 -1.95372e-05 -0.9948690077 123.0255146
116 0.7328841342 -0.6762174143 0.0749056367 3649.264216 -0.6726423681 -0.7367019402 -0.0694441933 1701.385742 0.1021425007 0.0005098426 -0.9947696465 123.068904
117 0.7290833851 -0.6802579252 0.0754093676 3649.620791 -0.676605009 -0.7329727558 -0.070403133 1701.058123 0.1031653011 0.0003073987 -0.9946641776 123.1131365
118 0.7255911943 -0.6840151359 0.0751046775 3649.985587 -0.6803570803 -0.7294677974 -0.0706468389 1700.718002 0.1031099507 0.0001627251 -0.9946699511 123.1591604
119 0.7218285461 -0.6880092848 0.0748783952 3650.358486 -0.6842850899 -0.7257017917 -0.0714900357 1700.36844 0.1035251939 0.0003653792 -0.9946267645 123.2070126
120 0.7177926804 -0.6921879793 0.0751629518 3650.738603 -0.6883138331 -0.7217168577 -0.0731357945 1700.009153 0.1048700871 0.0007606385 -0.994485639 123.2564048
121 0.7138689272 -0.6961920806 0.0755495972 3651.124679 -0.692259474 -0.7178554055 -0.073894772 1699.63828 0.1056786418 0.0004512572 -0.9944002318 123.3063032
122 0.7099989133 -0.7001110117 0.0758031287 3651.516166 -0.6962229099 -0.7140338642 -0.0736837871 1699.254663 0.1057128316 -0.0004604661 -0.9943965935 123.3599607
123 0.7057956062 -0.7043741553 0.0755619717 3651.916463 -0.7004640968 -0.7098286194 -0.0741173403 1698.863094 0.105842389 -0.0006167551 -0.9943827273 123.4137628
124 0.7022286578 -0.7079091009 0.0757602601 3652.320477 -0.7040839305 -0.706301458 -0.0735123746 1698.460004 0.1055496612 -0.0017190855 -0.9944125471 123.4708417
125 0.7002664969 -0.70988552 0.0754279904 3652.72994 -0.706144637 -0.7043134165 -0.0728173262 1698.045874 0.1048169111 -0.002271537 -0.9944889418 123.5286171
126 0.6994549893 -0.7106152565 0.0760833441 3653.145758 -0.7069380329 -0.7035733702 -0.0722712282 1697.624551 0.1048872521 -0.0032357385 -0.9944788556 123.5871757
127 0.6992667572 -0.7107530593 0.0765251001 3653.569706 -0.7070657646 -0.7034329482 -0.0723884785 1697.19609 0.1052806093 -0.0034894218 -0.994436432 123.6453951
128 0.6994846297 -0.7106911768 0.0750952997 3654.003571 -0.7068304247 -0.7035028752 -0.0739895618 1696.762616 0.105413488 -0.0013250814 -0.9944275945 123.7048075
129 0.6998609838 -0.7104525349 0.0738362988 3654.444671 -0.7063412692 -0.7037439799 -0.0763310041 1696.322325 0.1061914061 0.0012674666 -0.9943448993 123.7642109
130 0.6999621308 -0.710422511 0.0731633197 3654.892355 -0.7060392091 -0.7037664564 -0.0788759155 1695.875812 0.1075251162 0.0035539815 -0.9941960162 123.8253787
131 0.7000382253 -0.7103896409 0.0727532903 3655.349389 -0.7058506348 -0.7037917068 -0.0803250567 1695.420667 0.1082652505 0.004877654 -0.9941100764 123.8891341
132 0.7001658866 -0.7102486977 0.0729007455 3655.812103 -0.7056390334 -0.7039313191 -0.0809583384 1694.958933 0.1088176724 0.0052426552 -0.9940479006 123.9540283
133 0.700108782 -0.7103532287 0.0724291649 3656.281483 -0.7056302249 -0.7038170205 -0.0820218708 1694.490607 0.1092413798 0.0063160241 -0.9939951855 124.019989
134 0.7002257687 -0.7103872068 0.0709499074 3656.759405 -0.7054486964 -0.7037557255 -0.0840833847 1694.015916 0.1096631644 0.008825833 -0.9939296228 124.0876094
135 0.7005179688 -0.7103154971 0.0687493275 3657.242775 -0.7052389659 -0.7037905179 -0.0855389263 1693.536464 0.1091447497 0.0114368503 -0.9939600707 124.1573296
136 0.7008676974 -0.7100112071 0.0683268362 3657.732268 -0.7047502362 -0.7040704695 -0.0872460804 1693.050004 0.1100526025 0.0129946056 -0.9938408147 124.2269526
137 0.7013352377 -0.7096378333 0.0674020024 3658.226211 -0.7044251631 -0.7044378665 -0.0869050155 1692.555396 0.1091516097 0.0134698832 -0.9939338451 124.2992745
138 0.701531805 -0.7094765171 0.0670536969 3658.727152 -0.7043484046 -0.7046050517 -0.0861687068 1692.055265 0.1083810476 0.0132209239 -0.9940215067 124.3703935
139 0.7018280554 -0.7093093086 0.0657090968 3659.234297 -0.7040912162 -0.7047396913 -0.087163793 1691.5518 0.1081338983 0.0149087975 -0.9940245408 124.443122
140 0.7022644163 -0.709030424 0.0640355165 3659.74711 -0.7038087626 -0.7049887771 -0.0874302572 1691.041435 0.1071350328 0.0163304009 -0.9941103574 124.5174129
141 0.7027803242 -0.7085841639 0.063311125 3660.265466 -0.70329325 -0.7054107763 -0.0881716577 1690.524999 0.1071373901 0.0174390193 -0.9940912736 124.5916322
142 0.7035233191 -0.7079691801 0.0619239817 3660.7903 -0.7025860811 -0.7059801198 -0.0892461151 1690.003516 0.106900599 0.0192797955 -0.9940827689 124.6648862
143 0.7047192237 -0.7069229913 0.0602552916 3661.322924 -0.7015015925 -0.7069764212 -0.0898880172 1689.477737 0.1061429764 0.0210766307 -0.9941274788 124.7389164
144 0.7061660469 -0.7054957617 0.0600436872 3661.860565 -0.7000504392 -0.7083848812 -0.0901123885 1688.946009 0.1061079484 0.0216006996 -0.9941199692 124.8154117
145 0.707353831 -0.7043592053 0.0594025894 3662.406888 -0.6987975603 -0.7094686334 -0.091302946 1688.41155 0.1064543444 0.0230731041 -0.9940498501 124.8920179
146 0.7079013066 -0.7038800896 0.0585539029 3662.960191 -0.6980087045 -0.7098456062 -0.0943560481 1687.87317 0.1079795743 0.0259236358 -0.9938150616 124.9662355
147 0.7084584779 -0.7033321474 0.0583992775 3663.517752 -0.6972289751 -0.7103234697 -0.0965003865 1687.330318 0.1093542015 0.0276488485 -0.9936182364 125.0420153
148 0.7092396533 -0.7026669793 0.056905452 3664.0819 -0.6965670127 -0.7109256714 -0.0968456846 1686.780533 0.1085058113 0.029048339 -0.9936713153 125.1210511
149 0.7096652796 -0.7023114756 0.0559801943 3664.650906 -0.6962874701 -0.7112613234 -0.0963902947 1686.224771 0.1075125572 0.0294265375 -0.9937681465 125.2038332
150 0.7098993627 -0.7021505622 0.0550225668 3665.227333 -0.6961225091 -0.7113818446 -0.0966919001 1685.664775 0.107034327 0.030339071 -0.9937923292 125.2870748
151 0.7100133977 -0.7020297978 0.0550920881 3665.808726 -0.6960116958 -0.7115058117 -0.0965774261 1685.0997 0.1069985717 0.0302265288 -0.9937996089 125.3672814
152 0.7102323644 -0.7018708292 0.054289296 3666.395368 -0.6957080525 -0.7115878579 -0.0981479814 1684.528569 0.1075188089 0.0319383725 -0.9936899145 125.4475165
153 0.7104229714 -0.7017899089 0.0528216378 3666.989399 -0.6956342462 -0.7116074949 -0.0985280097 1683.95305 0.1067342364 0.0332520212 -0.9937314053 125.5299959
154 0.710806309 -0.7015041896 0.0514418413 3667.587439 -0.6954076465 -0.7118453556 -0.0984093232 1683.372039 0.1056531884 0.034176918 -0.9938155473 125.6151109
155 0.7109954523 -0.7013361211 0.0511186077 3668.193509 -0.6952161901 -0.7119875961 -0.0987325279 1682.785187 0.1056405027 0.0346598946 -0.993800169 125.7003658
156 0.7111081236 -0.7011986677 0.0514360284 3668.802742 -0.695096051 -0.7121420449 -0.0984641444 1682.192503 0.1056726853 0.0342656727 -0.9938104182 125.7834793
157 0.7112178314 -0.7010368493 0.0521203631 3669.416841 -0.6948427625 -0.7123014134 -0.0990970831 1681.596892 0.1065961152 0.0342641554 -0.9937118475 125.8680445
158 0.7113459322 -0.7008808485 0.0524690476 3670.033979 -0.6946859108 -0.712469124 -0.0989910735 1680.997388 0.106763524 0.0339673893 -0.9937040638 125.9553468
159 0.7117615011 -0.7005531292 0.0511945184 3670.654535 -0.6945462148 -0.7127930289 -0.0976301877 1680.395962 0.1048862293 0.0339324499 -0.9939051603 126.0429273
160 0.7120956532 -0.7002075247 0.0512757547 3671.275494 -0.6943832268 -0.7131921453 -0.0958587408 1679.792137 0.1036904771 0.0326555687 -0.994073387 126.1309987
161 0.7125118762 -0.6997458153 0.051794018 3671.89703 -0.6939987686 -0.7136879252 -0.0949486949 1679.187194 0.1034047172 0.0317070881 -0.9941338567 126.2195107
162 0.7127936899 -0.6993814515 0.0528274637 3672.520448 -0.6935599338 -0.7140620888 -0.0953412378 1678.580941 0.1044019823 0.0313196205 -0.9940419043 126.3045432
163 0.7130802241 -0.699016367 0.0537839443 3673.147613 -0.6932237688 -0.7144634735 -0.0947773787 1677.972096 0.1046776026 0.0302995659 -0.9940445341 126.3911276
164 0.7132583208 -0.6986976055 0.0555357884 3673.776709 -0.6929228338 -0.7148435138 -0.0941100269 1677.359722 0.1054538486 0.0286427439 -0.9940116091 126.4785911
165 0.7132581056 -0.6987058545 0.0554346795 3674.409675 -0.6929523845 -0.7148376605 -0.0939367447 1676.746323 0.1052609501 0.0285875513 -0.9940336434 126.5669015
166 0.7129488822 -0.6991479474 0.0538148583 3675.046489 -0.6934841833 -0.7143734828 -0.0935425816 1676.130249 0.1038440117 0.0293713259 -0.9941598194 126.6561446
167 0.7125179413 -0.6995488555 0.0543100559 3675.685573 -0.6940686199 -0.7140513203 -0.0916485839 1675.510289 0.1028928291 0.0276063548 -0.9943092853 126.7453863
168 0.7122614069 -0.6998135815 0.0542645314 3676.32605 -0.694374242 -0.713802563 -0.0912705491 1674.886771 0.1026065314 0.0273285969 -0.994346543 126.8348947
169 0.7115851606 -0.700339518 0.0563126876 3676.96905 -0.6948509843 -0.7133439289 -0.0912280038 1674.260386 0.1040608901 0.0257875673 -0.9942365576 126.9248192
170 0.7111679575 -0.7006728639 0.0574253774 3677.612058 -0.6951578853 -0.7130462777 -0.0912168865 1673.631809 0.1048601487 0.024950823 -0.9941739313 127.0122362
171 0.7107839557 -0.7009114963 0.0592388605 3678.257129 -0.6954077668 -0.7128684461 -0.0907006969 1673.000525 0.1058026756 0.0232734364 -0.9941147524 127.102802
172 0.7104855846 -0.7011590031 0.0598856118 3678.903398 -0.695881641 -0.7126909905 -0.0884324252 1672.367594 0.1046851271 0.0211566654 -0.9942803527 127.1945456
173 0.710160524 -0.7014506032 0.060324799 3679.552189 -0.6963595231 -0.7124519113 -0.0865776456 1671.731094 0.10370846 0.0194762779 -0.9944170302 127.2882922
174 0.7097514884 -0.701791477 0.06116819 3680.204156 -0.696768929 -0.7121483493 -0.0857775505 1671.090631 0.1037587794 0.0182606499 -0.9944348467 127.3806373
175 0.70926165 -0.7022153539 0.0619799043 3680.859395 -0.6972650125 -0.7117605825 -0.0849610233 1670.447053 0.1037757878 0.0170431768 -0.9944546827 127.4714834
176 0.7087946881 -0.7026047614 0.062901823 3681.515127 -0.6976217753 -0.7113898474 -0.0851372048 1669.801507 0.1045655237 0.016463117 -0.994381726 127.5624186
177 0.7081731151 -0.7030998888 0.0643535971 3682.172314 -0.6981326114 -0.7109304039 -0.0847868958 1669.153846 0.1053645858 0.0151164553 -0.9943187602 127.6555248
178 0.7076446453 -0.7034925182 0.0658584307 3682.829617 -0.6984416674 -0.7105564309 -0.085374444 1668.504189 0.106856414 0.014416496 -0.9941699409 127.7477123
179 0.7072813009 -0.7038552969 0.0658853737 3683.489306 -0.6987659633 -0.7101932155 -0.0857422014 1667.853039 0.107141448 0.0146053992 -0.9941365059 127.8419677
180 0.7067180743 -0.704371194 0.0664137379 3684.14988 -0.6993282877 -0.7096974633 -0.0852611081 1667.200826 0.1071891299 0.0138105605 -0.9941427256 127.9368589
181 0.7063145865 -0.7048057121 0.0660954847 3684.808652 -0.6996954672 -0.7092530671 -0.0859438194 1666.547929 0.1074521201 0.0144566622 -0.9941051488 128.0331314
182 0.705773049 -0.7053687115 0.0658740029 3685.468974 -0.7002004317 -0.7086829826 -0.0865319918 1665.894372 0.1077207444 0.0149469424 -0.9940688257 128.1279775
183 0.705336193 -0.7059134348 0.0647076302 3686.130603 -0.7005658437 -0.7080940033 -0.0883763612 1665.240934 0.1082051456 0.0170030906 -0.9939831696 128.2232704
184 0.7048113573 -0.7064879255 0.0641542021 3686.788845 -0.7010159545 -0.7074911221 -0.0896266902 1664.588589 0.1087087029 0.01819679 -0.9939070856 128.3209339
185 0.7043690284 -0.7070143879 0.0632054359 3687.448511 -0.7013696639 -0.7069151796 -0.0913866698 1663.935014 0.1092925725 0.0200395645 -0.9938076018 128.4190069
186 0.7038448372 -0.7074060784 0.0646458458 3688.106752 -0.7016208042 -0.7065332332 -0.0924069125 1663.280494 0.1110436501 0.019683258 -0.9936205901 128.5160358
187 0.7037572751 -0.7075753653 0.0637400982 3688.765007 -0.7016921579 -0.7063244737 -0.0934550881 1662.625838 0.1111477094 0.0210437711 -0.9935810719 128.6153444
188 0.7036948192 -0.7076813024 0.0632516851 3689.420946 -0.7019060722 -0.7062269533 -0.0925816199 1661.971875 0.1101883262 0.0207524644 -0.9936940515 128.7161992
189 0.7040422393 -0.707446776 0.0619966483 3690.076698 -0.7017596612 -0.7064462911 -0.0920163882 1661.316351 0.1088939994 0.0212766772 -0.9938256386 128.8174076
190 0.7044573043 -0.7070220686 0.0621264909 3690.731957 -0.7014685733 -0.7068985584 -0.0907538912 1660.661743 0.1080821308 0.0203524606 -0.9939336147 128.9174063
191 0.705272991 -0.7063212825 0.060829713 3691.388258 -0.7007534782 -0.7075606817 -0.091117751 1660.008335 0.1073991199 0.0216362559 -0.9939805338 129.015385
192 0.7057223239 -0.7058745628 0.0608038083 3692.044952 -0.7003153853 -0.7080056158 -0.0910297155 1659.35591 0.1073049983 0.0216598599 -0.993990185 129.1124284
193 0.7061630938 -0.7053528967 0.0617331036 3692.699929 -0.699649477 -0.7085184519 -0.0921532015 1658.703614 0.1087395706 0.0218836562 -0.9938293673 129.2091209
194 0.7062345981 -0.7050600847 0.0642103519 3693.358235 -0.6991048414 -0.7088232859 -0.093925343 1658.051299 0.1117368029 0.021443559 -0.9935064472 129.3064353
195 0.7063359339 -0.7048590574 0.0652936262 3694.014936 -0.6988556851 -0.7090404942 -0.0941398374 1657.40111 0.1126511421 0.0208635281 -0.9934155391 129.4033039
196 0.7063516136 -0.7047332397 0.0664714885 3694.672476 -0.6985927913 -0.7091688469 -0.095119181 1656.750797 0.1141731574 0.0207510843 -0.9932441204 129.5050698
197 0.7064529229 -0.7047020497 0.0657212971 3695.330749 -0.698624891 -0.7091928347 -0.0947036684 1656.099595 0.1133469422 0.0209891493 -0.9933337437 129.6075681
198 0.7064735719 -0.7047326809 0.0651685557 3695.989868 -0.698744774 -0.7091653787 -0.0940223725 1655.448273 0.1124759221 0.0208881336 -0.993434876 129.7095673
199 0.7067625986 -0.7045857894 0.0636042033 3696.64894 -0.6987387436 -0.7092982071 -0.0930603112 1654.795161 0.1106833203 0.0213288263 -0.9936268333 129.8123761
200 0.7069498351 -0.7044666457 0.0628384898 3697.310316 -0.6988023892 -0.7094319457 -0.0915507252 1654.141862 0.1090740644 0.0208100833 -0.9938157721 129.9141385
201 0.707297125 -0.7041647103 0.0623124208 3697.970388 -0.6984514713 -0.7097076461 -0.09209017 1653.488952 0.1090702494 0.0216129105 -0.9937990555 130.0147947
202 0.7075462095 -0.7039616892 0.0617762217 3698.631117 -0.6982598289 -0.7098964956 -0.0920878763 1652.836257 0.1086810602 0.0220205738 -0.9938327432 130.1115944
203 0.7078937717 -0.7036187142 0.0617018076 3699.293491 -0.6980453653 -0.7102588472 -0.0909122545 1652.181672 0.1077918184 0.0212855579 -0.9939455966 130.2098558
204 0.7083877507 -0.7031015651 0.0619272465 3699.953219 -0.6976282585 -0.7107938444 -0.0899273247 1651.527169 0.1072455483 0.0205012181 -0.994021173 130.3084592
205 0.7089445607 -0.7025204821 0.0621496757 3700.615935 -0.6969583454 -0.711354323 -0.0906867793 1650.873075 0.1079197604 0.0209761638 -0.9939382908 130.4046961
206 0.7094676666 -0.7019458973 0.0626704654 3701.281306 -0.6963393802 -0.7119234351 -0.0909752177 1650.216832 0.1084762539 0.0209040624 -0.9938792293 130.5039385
207 0.7100249147 -0.7014359201 0.0620666616 3701.948456 -0.6957497729 -0.7123928039 -0.0918082044 1649.562285 0.1086134155 0.0220032468 -0.993840522 130.6012409
208 0.7101468973 -0.7012589274 0.0626681816 3702.618388 -0.6954828697 -0.7125639153 -0.0924999706 1648.906294 0.109521515 0.0221039203 -0.9937386248 130.7015979
209 0.7097937389 -0.7015183693 0.0637559863 3703.288202 -0.6955806807 -0.7123057654 -0.0937444038 1648.249132 0.1111771779 0.0221917585 -0.9935527973 130.8016196
210 0.709116897 -0.7021565764 0.0642601643 3703.959821 -0.6961136478 -0.7116717035 -0.0946000836 1647.590666 0.1121562114 0.0223501404 -0.9934392057 130.899422
211 0.7088489803 -0.702653765 0.0617317553 3704.634416 -0.6968052305 -0.7111540202 -0.0933939524 1646.928738 0.1095243982 0.0231871979 -0.9937136207 131.0008168
212 0.7086201137 -0.7030203849 0.0601653793 3705.308046 -0.6975221727 -0.7108240405 -0.0905096788 1646.264557 0.1063971472 0.0221702928 -0.9940765188 131.1054895
213 0.7085393804 -0.7031540739 0.0595507744 3705.982748 -0.6978554998 -0.7107174359 -0.0887605076 1645.598832 0.1047360862 0.0213324796 -0.9942712294 131.2084572
214 0.7085043238 -0.7032792863 0.0584796435 3706.660285 -0.6977758476 -0.7105211907 -0.0909313151 1644.935021 0.1055011363 0.0236195471 -0.9941386358 131.3007725
215 0.7085953767 -0.7033273428 0.0567735947 3707.342142 -0.6977950134 -0.7104159917 -0.0916037008 1644.268534 0.1047602571 0.0252936276 -0.9941757998 131.395849
216 0.7086756977 -0.7034009907 0.0548251933 3708.025599 -0.6979355703 -0.7102973809 -0.0914525583 1643.598595 0.1032700113 0.026545753 -0.9942990635 131.492488
217 0.7083998804 -0.7036927357 0.0546456146 3708.710095 -0.6981725105 -0.7099895568 -0.0920324658 1642.927951 0.1035603934 0.0270437218 -0.994255441 131.5914352
218 0.7082094885 -0.7038445962 0.0551552788 3709.395066 -0.6980428424 -0.709782913 -0.0945748725 1642.256336 0.1057142874 0.0284780745 -0.9939886763 131.6847273
219 0.7078786647 -0.7040157463 0.0571806342 3710.082571 -0.6979270377 -0.7096105276 -0.0966992718 1641.580779 0.10865379 0.0285434407 -0.9936697771 131.7776488
220 0.7076763486 -0.7042088835 0.0573064914 3710.771016 -0.6980638122 -0.7094096369 -0.0971847782 1640.903065 0.1090921615 0.0287717811 -0.9936151594 131.876896
221 0.707399844 -0.7044463461 0.057799707 3711.459673 -0.6983171658 -0.7091969531 -0.0969165501 1640.224028 0.1092638857 0.0281962249 -0.9936127899 131.9780872
222 0.7069809349 -0.7048378462 0.0581512534 3712.147909 -0.69886432 -0.7088613623 -0.0954160956 1639.541865 0.108474052 0.0268175243 -0.9937374907 132.0817189
223 0.7063754577 -0.7054234742 0.0584074886 3712.837963 -0.6996088954 -0.7083282832 -0.093906532 1638.858577 0.1076155482 0.0254708709 -0.9938662528 132.183757
224 0.7054697806 -0.706229299 0.0596034045 3713.529848 -0.7002399412 -0.7075253534 -0.0952465169 1638.174124 0.1094368007 0.0254568549 -0.9936677187 132.2857882
225 0.7044215144 -0.7070622935 0.062074497 3714.222779 -0.7008900234 -0.7067313587 -0.0963533173 1637.487231 0.1119977911 0.024365954 -0.9934096814 132.3858959
226 0.7034486941 -0.7079651563 0.0628114015 3714.914856 -0.7016883451 -0.7058305349 -0.0971427932 1636.79964 0.1131079179 0.0242609427 -0.993286467 132.4892349
227 0.7021973066 -0.7092435001 0.0623907063 3715.609101 -0.7031600173 -0.7045806545 -0.0955619771 1636.108029 0.1117359958 0.0232327127 -0.9934663096 132.5973166
228 0.7007933216 -0.7106250332 0.0624562455 3716.303447 -0.7047309426 -0.7032334673 -0.0938988234 1635.411562 0.1106481765 0.0217888196 -0.9936207669 132.7059998
229 0.6992102446 -0.7122028319 0.0622266834 3716.997578 -0.7064845919 -0.70166998 -0.0924054149 1634.712262 0.1094739939 0.0206486197 -0.9937751653 132.8117645
230 0.6977204073 -0.7137828014 0.060830466 3717.693167 -0.7083174843 -0.7000819461 -0.090396959 1634.00956 0.1071101057 0.0199845203 -0.9940462988 132.9181943
231 0.6960248554 -0.7154249387 0.0609635778 3718.38816 -0.7101126431 -0.698440519 -0.0889993009 1633.304221 0.1062517523 0.0186547182 -0.9941642553 133.0240118
232 0.694344569 -0.7170159688 0.0614306107 3719.081728 -0.7115583871 -0.696797709 -0.0903195134 1632.59644 0.1075652422 0.0190013973 -0.9940164312 133.1253295
233 0.6925124007 -0.7187807273 0.0614885433 3719.777113 -0.7133155706 -0.694983471 -0.0904371152 1631.88236 0.1077379767 0.0187680885 -0.9940021566 133.2263928
234 0.6910899148 -0.7203918713 0.0585686052 3720.47094 -0.7150907456 -0.6932799164 -0.0894884528 1631.167218 0.1050711917 0.0199626997 -0.9942643186 133.3299205
235 0.6893374484 -0.7221991558 0.0569408612 3721.164703 -0.7170575147 -0.6913942022 -0.0883322011 1630.450054 0.1031620224 0.0200608216 -0.9944622469 133.4355306
236 0.6873068411 -0.7239511466 0.059194962 3721.855313 -0.7185715995 -0.6895763896 -0.0902178432 1629.731898 0.1061327593 0.0194715223 -0.9941613034 133.5317763
237 0.6854241929 -0.7256320836 0.060429753 3722.545295 -0.7200704267 -0.6878103674 -0.0917359199 1629.009363 0.1081307373 0.0193643408 -0.9939480701 133.6278079
238 0.6836914943 -0.7271651487 0.0616180743 3723.234462 -0.7216931154 -0.6862373548 -0.0907597933 1628.283362 0.1082819829 0.0175823587 -0.9939647241 133.7322402
239 0.6820667036 -0.7286898154 0.0616130242 3723.92193 -0.7235611285 -0.6846754558 -0.0876288391 1627.554685 0.106039168 0.0151879241 -0.9942459564 133.8401251
240 0.6803473985 -0.7301867343 0.0628868058 3724.60867 -0.7251900957 -0.6831221913 -0.0862751233 1626.822762 0.1059563231 0.0130921669 -0.9942845934 133.9461759
241 0.6787650614 -0.7316350878 0.0631513238 3725.291884 -0.7268356447 -0.6816009172 -0.084440129 1626.090342 0.1048233614 0.0114143762 -0.9944253491 134.0501662
242 0.6774521964 -0.732759917 0.0641983306 3725.973885 -0.728115708 -0.680422039 -0.0829057576 1625.356388 0.104431975 0.0094208746 -0.9944874105 134.1536582
243 0.6764904338 -0.7335758723 0.065016402 3726.656527 -0.7291060976 -0.679565824 -0.0812070769 1624.620163 0.1037544771 0.0075319556 -0.9945744206 134.2566732
244 0.6759836166 -0.733930035 0.066278608 3727.336234 -0.7296120872 -0.679202737 -0.07968591 1623.883181 0.1035004947 0.0055086962 -0.9946141472 134.3591084
245 0.6755547273 -0.7342068031 0.0675735209 3728.013633 -0.7299926635 -0.6789152615 -0.0786433648 1623.148481 0.103617188 0.0037997223 -0.9946099941 134.4610266
246 0.6750876474 -0.7345225146 0.068799301 3728.690907 -0.7304475535 -0.6785815961 -0.0772877028 1622.413055 0.1034554973 0.0019216923 -0.9946322271 134.5615072
247 0.6744868556 -0.7348413628 0.0712436183 3729.365197 -0.7308767678 -0.6782387086 -0.0762325684 1621.677095 0.1043390241 -0.0006524401 -0.994541574 134.6633899
248 0.6740728049 -0.7350209206 0.073280966 3730.036976 -0.7313580434 -0.6780319399 -0.0734036848 1620.941665 0.1036400795 -0.0041151962 -0.9946063538 134.7650071
249 0.6737723953 -0.7350670261 0.0755461881 3730.706243 -0.731576111 -0.6779599682 -0.0718795894 1620.208019 0.1040536073 -0.0068373033 -0.9945481879 134.8672407
250 0.6737033843 -0.7349594039 0.0771908318 3731.37483 -0.7316472955 -0.6780497572 -0.0702905529 1619.474968 0.1039999277 -0.00912148 -0.9945354763 134.9685528
251 0.67363956 -0.734713859 0.0800330464 3732.042554 -0.7314743642 -0.6782800515 -0.0698672044 1618.742758 0.1056172222 -0.0114768089 -0.9943406284 135.0710161
252 0.6735399518 -0.7345811349 0.0820639354 3732.707748 -0.731421205 -0.67839026 -0.0693518274 1618.013298 0.1066159185 -0.013312076 -0.9942111619 135.1737228
253 0.6733838326 -0.7346075132 0.0831024403 3733.371266 -0.7315573743 -0.6783332692 -0.0684673939 1617.286815 0.106667812 -0.0146893669 -0.9941862001 135.2759967
254 0.6733499948 -0.7344912513 0.0843942316 3734.032298 -0.7315911376 -0.6784185398 -0.0672509643 1616.562092 0.1066498563 -0.0164586355 -0.9941604103 135.3810057
255 0.6735605306 -0.7342564379 0.0847566813 3734.689308 -0.7316055806 -0.6786266633 -0.064954802 1615.840053 0.1052116253 -0.0182574701 -0.994282243 135.4863433
256 0.6735540274 -0.7338955619 0.0878764839 3735.341933 -0.7315323904 -0.6789067986 -0.0628165631 1615.122123 0.1057607392 -0.0219741452 -0.9941487831 135.5915785
257 0.6742316497 -0.7332769649 0.0878440396 3735.991926 -0.7310560707 -0.6795474122 -0.0614193452 1614.409206 0.1047315808 -0.022808052 -0.9942389495 135.6917456
258 0.6746960938 -0.7327473173 0.0886935734 3736.63902 -0.7306821355 -0.6800681244 -0.060091289 1613.702247 0.1043494029 -0.0242634516 -0.9942446817 135.7944526
259 0.675635651 -0.7319917238 0.0877757558 3737.281614 -0.7302159327 -0.6808333619 -0.0570142527 1613.000484 0.101494624 -0.0255743937 -0.994507311 135.8946674
260 0.676562701 -0.7310701769 0.0883136918 3737.918148 -0.7295010174 -0.6817607115 -0.0550508665 1612.305781 0.100454852 -0.0271795651 -0.9945703062 135.996189
261 0.6774333338 -0.7300769302 0.0898429428 3738.548005 -0.7286555321 -0.682752681 -0.053943415 1611.617077 0.1007233529 -0.0289214898 -0.9944940189 136.0947451
262 0.6783858457 -0.7290551966 0.0909459437 3739.170217 -0.7277142537 -0.6837988838 -0.0533952376 1610.939222 0.1011168103 -0.0299600861 -0.9944233424 136.1879944
263 0.6794624309 -0.7279071261 0.0920978867 3739.786451 -0.7267970791 -0.6849275352 -0.051383629 1610.268749 0.1004828882 -0.0320232295 -0.9944233012 136.2823092
264 0.6804489845 -0.726819306 0.0933963379 3740.395984 -0.7259366676 -0.6859798934 -0.0494726228 1609.607562 0.1000256673 -0.0341362303 -0.9943991068 136.3770708
265 0.6814801774 -0.7258479961 0.0934315493 3741.001416 -0.7250870712 -0.6869689585 -0.0481911731 1608.957427 0.0991640405 -0.0349046792 -0.9944587254 136.4701289
266 0.6824860717 -0.7248291809 0.0939969171 3741.596773 -0.7243045302 -0.6879485628 -0.0459317165 1608.317374 0.0979576924 -0.0367346361 -0.9945123715 136.5617136
267 0.6836649565 -0.7236341902 0.0946350148 3742.183658 -0.7231488971 -0.6891800981 -0.0456778385 1607.688409 0.0982746144 -0.0372068691 -0.9944635484 136.6518871
268 0.6845761272 -0.7224648475 0.096953959 3742.762894 -0.7220415276 -0.6903285231 -0.0458537081 1607.069552 0.1000577755 -0.0386144307 -0.994232049 136.7377037
269 0.6855915163 -0.7212971406 0.0984617074 3743.334432 -0.7208577645 -0.6915214067 -0.0464997571 1606.462234 0.1016285203 -0.0390970473 -0.9940538541 136.8216128
270 0.6867227231 -0.7203193743 0.0977338254 3743.897347 -0.7199757222 -0.6925264479 -0.0451893619 1605.865308 0.1002340318 -0.0393334199 -0.9941861098 136.9063386
271 0.687994256 -0.7192897961 0.0963643758 3744.452887 -0.7191482184 -0.6935547763 -0.0425160242 1605.27835 0.0974153154 -0.0400494887 -0.9944376777 136.9917898
272 0.6892899018 -0.7182047774 0.095191013 3744.999035 -0.7181529907 -0.6946757586 -0.0410106377 1604.703356 0.0955809251 -0.0400934923 -0.9946138943 137.076992
273 0.6904158331 -0.7171979086 0.0946210193 3745.53827 -0.7172453306 -0.6956919983 -0.0396456708 1604.138765 0.0942608782 -0.0404944854 -0.9947236217 137.1570383
274 0.6916818705 -0.7159057009 0.0951589064 3746.066061 -0.7159337537 -0.697022745 -0.039976909 1603.586859 0.0949476192 -0.0404761698 -0.9946590518 137.2321791
275 0.6928509861 -0.7145587098 0.096764463 3746.587204 -0.7146605931 -0.6983385418 -0.0397934391 1603.04595 0.0960091024 -0.041582825 -0.9945114986 137.307367
276 0.6941857057 -0.7130838203 0.0980697264 3747.098581 -0.7131440663 -0.6998370281 -0.0406654006 1602.516763 0.0976306651 -0.0417085037 -0.9943483564 137.3799037
277 0.6959880522 -0.7112711359 0.0984581256 3747.605097 -0.7113435426 -0.7016732577 -0.0405586476 1601.998213 0.097933629 -0.0418092177 -0.9943143334 137.4524318
278 0.6983261845 -0.7089392648 0.0987201042 3748.100806 -0.7090552557 -0.7040154603 -0.0400359342 1601.490058 0.0978835253 -0.0420398676 -0.9943095418 137.5246083
279 0.7013688516 -0.7060151141 0.0981039892 3748.592626 -0.706103132 -0.7069887743 -0.0398150715 1600.993241 0.0974684613 -0.0413464831 -0.9943793881 137.5966793
280 0.7046025219 -0.7028233349 0.0978501202 3749.078758 -0.7027775178 -0.7102382411 -0.040809329 1600.507607 0.0981786459 -0.0400125084 -0.9943640946 137.6675939
281 0.7078015329 -0.6993298732 0.0997733357 3749.557262 -0.6990934056 -0.7137245683 -0.0431931809 1600.033554 0.1014169627 -0.0391786814 -0.9940722462 137.7331509
282 0.7117052696 -0.6953656489 0.0997106991 3750.031263 -0.6948466106 -0.7177114202 -0.0455906248 1599.569678 0.1032656619 -0.0368365534 -0.9939714641 137.7998555
283 0.7153518302 -0.69171538 0.0990029898 3750.503571 -0.6907456308 -0.7214119764 -0.0493480874 1599.116089 0.1055567736 -0.033084638 -0.9938627542 137.8655597
284 0.7189654059 -0.6882137651 0.0972139837 3750.974497 -0.6868528836 -0.724918739 -0.0522105185 1598.670506 0.106404236 -0.0292341484 -0.9938931045 137.9328408
285 0.7229167814 -0.6844369429 0.0945378147 3751.442566 -0.682773058 -0.7286273042 -0.0540666518 1598.230543 0.105888047 -0.0254621829 -0.9940520101 138.002895
286 0.7267319244 -0.6806456807 0.0926399884 3751.907041 -0.6788897843 -0.7322359714 -0.0542138643 1597.79607 0.1047347645 -0.0234933958 -0.9942226559 138.0730629
287 0.7306242341 -0.6769138847 0.0893074536 3752.37132 -0.6751633538 -0.7357496005 -0.0531692686 1597.365612 0.1016989395 -0.0214503637 -0.9945839369 138.1402393
288 0.7348687511 -0.6729428671 0.0843552979 3752.836453 -0.6715782016 -0.7393834534 -0.0479043625 1596.936997 0.0946078106 -0.0214477602 -0.9952835555 138.2084597
289 0.7391060186 -0.6688897705 0.0794277549 3753.302713 -0.6679036096 -0.743042966 -0.0423310629 1596.510039 0.0873330495 -0.0217629408 -0.9959414204 138.2745235
290 0.7434573778 -0.6643348776 0.0770084264 3753.769116 -0.6637864743 -0.7470438929 -0.0362344959 1596.085426 0.081600514 -0.0241783485 -0.9963717999 138.3393012
291 0.7489178235 -0.6583550907 0.0754365175 3754.236488 -0.6580992141 -0.7522623787 -0.0317291348 1595.662507 0.0776370915 -0.0258821983 -0.9966456712 138.4008747
292 0.7550197618 -0.651020864 0.0782112141 3754.706937 -0.6509607748 -0.7585271859 -0.0297754594 1595.244677 0.0787097775 -0.0284313723 -0.9964920612 138.4513672
293 0.7614393508 -0.6427088122 0.0844718757 3755.178267 -0.6425350454 -0.7655516182 -0.0328547611 1594.831111 0.0857836256 -0.0292592325 -0.995884063 138.4948605
294 0.7682406002 -0.6338751532 0.089491175 3755.66006 -0.6335762945 -0.7728714609 -0.0353664242 1594.422554 0.0915830727 -0.0295295641 -0.9953595057 138.5408672
295 0.7751151006 -0.6249333196 0.093031859 3756.151499 -0.6245465404 -0.7801185569 -0.0368328121 1594.014313 0.0955939311 -0.0295530568 -0.9949816165 138.5906539
296 0.7818696985 -0.6163819444 0.0935578605 3756.654547 -0.615966332 -0.7869161751 -0.0367207178 1593.608879 0.0962561812 -0.0289176756 -0.994936438 138.644329
297 0.7892740486 -0.6075021462 0.0893734777 3757.168451 -0.6070758216 -0.7938719408 -0.035018401 1593.2044 0.09222485 -0.0266173623 -0.9953823854 138.7058823
298 0.796781831 -0.5981493054 0.085767839 3757.691427 -0.5978255968 -0.800976707 -0.0322625283 1592.802691 0.0879958502 -0.0255680132 -0.9957926526 138.7708387
299 0.8043470441 -0.5876944579 0.0874131386 3758.217951 -0.5874874201 -0.8086465218 -0.0308112646 1592.403036 0.0887939399 -0.0265711697 -0.9956955404 138.8348401
300 0.8122912612 -0.5756435144 0.0939012851 3758.747654 -0.5754561783 -0.8172141603 -0.0317994204 1592.008845 0.09504259 -0.0282056833 -0.9950735377 138.8944424
301 0.8201324841 -0.5630536256 0.1017512814 3759.289237 -0.5624823613 -0.8259821394 -0.0369742971 1591.623615 0.1048632532 -0.0269094789 -0.9941225166 138.9476456
302 0.827939381 -0.550322087 0.1079906571 3759.843839 -0.5495439625 -0.8345284477 -0.0395436882 1591.243012 0.1118830405 -0.0266058369 -0.9933651467 139.0000196
303 0.8366753435 -0.5366217741 0.1095967207 3760.409647 -0.5356159546 -0.8434686664 -0.0409409091 1590.866136 0.1144111831 -0.024447503 -0.9931326199 139.0629786
304 0.8458213084 -0.5226810313 0.1067279428 3760.989566 -0.5219597066 -0.8521746101 -0.0368306738 1590.495634 0.1102015376 -0.024555517 -0.9936058815 139.1403668
305 0.854653577 -0.5089378177 0.1027110561 3761.580242 -0.5082335737 -0.8605122465 -0.0348899445 1590.132529 0.1061409338 -0.0223823913 -0.9940991554 139.220803
306 0.8630568979 -0.4943388659 0.1037394657 3762.178993 -0.4938025192 -0.8689626267 -0.0326040714 1589.774909 0.1062631782 -0.0230876408 -0.9940699662 139.2939009
307 0.8708345852 -0.4795810076 0.1079313779 3762.78778 -0.4791793273 -0.8771574715 -0.03133596 1589.42437 0.1097009458 -0.0244300473 -0.9936643675 139.3632297
308 0.8785989525 -0.4644725286 0.1110367096 3763.406865 -0.4643326447 -0.8851956985 -0.0287014014 1589.07801 0.1116202302 -0.0263409478 -0.993401771 139.433674
309 0.886188992 -0.4494688596 0.1124580574 3764.039266 -0.4493182885 -0.892928937 -0.028124529 1588.742397 0.1130581536 -0.0256058138 -0.9932583733 139.5054469
310 0.8937613053 -0.4342431283 0.1123549493 3764.683325 -0.4340769828 -0.9004642215 -0.0272279034 1588.416206 0.1129951419 -0.0244354509 -0.993295025 139.5837672
311 0.9014130656 -0.4184807957 0.1110329179 3765.342055 -0.4183921243 -0.9079160248 -0.025229393 1588.094861 0.1113665819 -0.0237131939 -0.9934964363 139.6629825
312 0.9087473069 -0.4029867477 0.1085357696 3766.014594 -0.4032423875 -0.9148621302 -0.0205635509 1587.780093 0.1075821039 -0.0250791513 -0.9938798353 139.7434965
313 0.9157657642 -0.3882988525 0.1029420533 3766.705319 -0.3886744683 -0.9212143861 -0.0172108237 1587.472854 0.1015146436 -0.0242498647 -0.9945384463 139.8230016
314 0.921952406 -0.3742099562 0.099853241 3767.407854 -0.3746513099 -0.9270443213 -0.0150074085 1587.175029 0.0981843017 -0.0235740312 -0.9948889928 139.9032365
315 0.927398374 -0.3599946702 0.1016665791 3768.121646 -0.3603164663 -0.9326959212 -0.0158228548 1586.885861 0.100520147 -0.0219580527 -0.9946926882 139.9773464
316 0.9322065851 -0.3457589276 0.1069656331 3768.84898 -0.3457761682 -0.9381250312 -0.0189807107 1586.604597 0.1069098881 -0.0192922232 -0.9940815288 140.0424618
317 0.9369958613 -0.3323035293 0.1077641885 3769.591045 -0.3319485747 -0.9430468143 -0.0217451089 1586.332664 0.1088526511 -0.0153970918 -0.9939386449 140.1065608
318 0.9412841583 -0.3196544838 0.1086514814 3770.345034 -0.3185694967 -0.9474954669 -0.0276733813 1586.073607 0.1117927065 -0.0085645323 -0.993694641 140.1870591
319 0.9449314069 -0.3085485633 0.1090982143 3771.108537 -0.3071775215 -0.9511923441 -0.0295820023 1585.820498 0.1129008705 -0.005559556 -0.9935907028 140.2731625
320 0.9474541985 -0.2979601581 0.1164056951 3771.880931 -0.2959872294 -0.9545762784 -0.0342883187 1585.572959 0.121334668 -0.0019679876 -0.9926097044 140.3519002
321 0.950241189 -0.2887963919 0.1167832466 3772.666696 -0.2862067227 -0.9573845549 -0.0387366226 1585.333852 0.1229934734 0.0033849841 -0.9924017067 140.4332911
322 0.9537623967 -0.2795385959 0.1104330749 3773.463361 -0.2768027847 -0.9601068228 -0.0396876197 1585.098959 0.1171217702 0.0072843766 -0.9930908462 140.5325542
323 0.9578000228 -0.2696188442 0.0996232662 3774.271659 -0.2668029512 -0.9628855609 -0.0408360363 1584.868294 0.1069359694 0.0125329751 -0.9941869155 140.6289472
