1 0.975152 7.231276e-02 -0.209406 3.418926e+03 0.219755 -1.959833e-01 0.955666 -3.000540e+03 0.028067 -9.779376e-01 -0.207004 2.448654e+02 0.000000 0 0.000000 1 
30 0.974788 7.168454e-02 -0.211307 3.418878e+03 0.221371 -1.918378e-01 0.956134 -3.000303e+03 0.028004 -9.788054e-01 -0.202869 2.448450e+02 0.000000 0 0.000000 1 
33 0.974782 6.982258e-02 -0.211957 3.418830e+03 0.221671 -1.933439e-01 0.955762 -3.000021e+03 0.025753 -9.786436e-01 -0.203945 2.448180e+02 0.000000 0 0.000000 1 
35 0.974807 6.929400e-02 -0.212013 3.418786e+03 0.221629 -1.937952e-01 0.955680 -2.999780e+03 0.025136 -9.785920e-01 -0.204270 2.447924e+02 0.000000 0 0.000000 1 
37 0.974734 7.114590e-02 -0.211738 3.418730e+03 0.221767 -1.948321e-01 0.955437 -2.999498e+03 0.026722 -9.782531e-01 -0.205686 2.447617e+02 0.000000 0 0.000000 1 
39 0.974689 7.168476e-02 -0.211761 3.418669e+03 0.221940 -1.962311e-01 0.955110 -2.999178e+03 0.026913 -9.779341e-01 -0.207173 2.447284e+02 0.000000 0 0.000000 1 
41 0.974587 7.035638e-02 -0.212678 3.418604e+03 0.222586 -1.971078e-01 0.954780 -2.998821e+03 0.025255 -9.778543e-01 -0.207758 2.446904e+02 0.000000 0 0.000000 1 
42 0.974592 6.937659e-02 -0.212976 3.418569e+03 0.222697 -1.980722e-01 0.954554 -2.998627e+03 0.024039 -9.777294e-01 -0.208489 2.446689e+02 0.000000 0 0.000000 1 
43 0.974561 6.894102e-02 -0.213259 3.418531e+03 0.222889 -1.982964e-01 0.954463 -2.998424e+03 0.023513 -9.777148e-01 -0.208617 2.446472e+02 0.000000 0 0.000000 1 
44 0.974413 6.905905e-02 -0.213893 3.418490e+03 0.223551 -1.989689e-01 0.954168 -2.998210e+03 0.023336 -9.775698e-01 -0.209315 2.446248e+02 0.000000 0 0.000000 1 
45 0.974278 6.857826e-02 -0.214661 3.418447e+03 0.224213 -1.994422e-01 0.953914 -2.997985e+03 0.022606 -9.775072e-01 -0.209687 2.446013e+02 0.000000 0 0.000000 1 
46 0.974147 6.758704e-02 -0.215572 3.418402e+03 0.224903 -1.997148e-01 0.953694 -2.997745e+03 0.021405 -9.775206e-01 -0.209751 2.445756e+02 0.000000 0 0.000000 1 
47 0.973980 6.578780e-02 -0.216877 3.418356e+03 0.225816 -2.003809e-01 0.953339 -2.997490e+03 0.019260 -9.775070e-01 -0.210022 2.445482e+02 0.000000 0 0.000000 1 
48 0.973697 6.414115e-02 -0.218636 3.418307e+03 0.227202 -2.009574e-01 0.952888 -2.997222e+03 0.017183 -9.774981e-01 -0.210244 2.445202e+02 0.000000 0 0.000000 1 
49 0.973281 6.487509e-02 -0.220263 3.418249e+03 0.228960 -2.016097e-01 0.952329 -2.996941e+03 0.017376 -9.773153e-01 -0.211076 2.444892e+02 0.000000 0 0.000000 1 
50 0.972643 6.708866e-02 -0.222410 3.418183e+03 0.231532 -2.017375e-01 0.951680 -2.996648e+03 0.018979 -9.771395e-01 -0.211751 2.444556e+02 0.000000 0 0.000000 1 
51 0.972112 6.456173e-02 -0.225456 3.418124e+03 0.233944 -1.997352e-01 0.951513 -2.996347e+03 0.016400 -9.777209e-01 -0.209268 2.444271e+02 0.000000 0 0.000000 1 
52 0.971571 6.051630e-02 -0.228883 3.418066e+03 0.236422 -1.972454e-01 0.951419 -2.996033e+03 0.012430 -9.784848e-01 -0.205944 2.443988e+02 0.000000 0 0.000000 1 
53 0.970873 6.002932e-02 -0.231956 3.417999e+03 0.239323 -1.966037e-01 0.950827 -2.995709e+03 0.011474 -9.786439e-01 -0.205243 2.443638e+02 0.000000 0 0.000000 1 
54 0.969941 6.411186e-02 -0.234745 3.417917e+03 0.242914 -1.978064e-01 0.949666 -2.995371e+03 0.014451 -9.781425e-01 -0.207433 2.443216e+02 0.000000 0 0.000000 1 
55 0.968757 6.750470e-02 -0.238650 3.417831e+03 0.247444 -1.978456e-01 0.948488 -2.995020e+03 0.016812 -9.779063e-01 -0.208367 2.442789e+02 0.000000 0 0.000000 1 
56 0.967338 6.867902e-02 -0.244009 3.417746e+03 0.252908 -1.962393e-01 0.947379 -2.994659e+03 0.017181 -9.781481e-01 -0.207198 2.442405e+02 0.000000 0 0.000000 1 
57 0.966437 6.740658e-02 -0.247906 3.417661e+03 0.256418 -1.936261e-01 0.946973 -2.994285e+03 0.015832 -9.787573e-01 -0.204411 2.442031e+02 0.000000 0 0.000000 1 
58 0.966102 6.515629e-02 -0.249806 3.417574e+03 0.257798 -1.920241e-01 0.946925 -2.993899e+03 0.013730 -9.792251e-01 -0.202311 2.441641e+02 0.000000 0 0.000000 1 
59 0.966113 6.006425e-02 -0.251037 3.417495e+03 0.257995 -1.940653e-01 0.946455 -2.993494e+03 0.008131 -9.791483e-01 -0.202984 2.441289e+02 0.000000 0 0.000000 1 
60 0.966430 5.727034e-02 -0.250466 3.417410e+03 0.256870 -1.941662e-01 0.946740 -2.993079e+03 0.005588 -9.792957e-01 -0.202358 2.440892e+02 0.000000 0 0.000000 1 
61 0.966595 5.884718e-02 -0.249464 3.417310e+03 0.256170 -1.894924e-01 0.947876 -2.992660e+03 0.008509 -9.801174e-01 -0.198236 2.440409e+02 0.000000 0 0.000000 1 
62 0.966355 6.254266e-02 -0.249495 3.417204e+03 0.256898 -1.865392e-01 0.948265 -2.992226e+03 0.012767 -9.804550e-01 -0.196329 2.439871e+02 0.000000 0 0.000000 1 
63 0.966323 6.433676e-02 -0.249161 3.417099e+03 0.256936 -1.874263e-01 0.948080 -2.991774e+03 0.014297 -9.801697e-01 -0.197644 2.439411e+02 0.000000 0 0.000000 1 
64 0.966342 6.364785e-02 -0.249264 3.416995e+03 0.256928 -1.894294e-01 0.947684 -2.991307e+03 0.013100 -9.798295e-01 -0.199406 2.438954e+02 0.000000 0 0.000000 1 
65 0.966494 5.949056e-02 -0.249702 3.416897e+03 0.256560 -1.927740e-01 0.947109 -2.990829e+03 0.008208 -9.794384e-01 -0.201577 2.438494e+02 0.000000 0 0.000000 1 
66 0.966640 5.586660e-02 -0.249975 3.416797e+03 0.256111 -1.955845e-01 0.946654 -2.990339e+03 0.003995 -9.790945e-01 -0.203367 2.438020e+02 0.000000 0 0.000000 1 
67 0.966774 5.628282e-02 -0.249361 3.416686e+03 0.255596 -1.959852e-01 0.946710 -2.989843e+03 0.004413 -9.789906e-01 -0.203858 2.437512e+02 0.000000 0 0.000000 1 
68 0.966832 5.956345e-02 -0.248372 3.416565e+03 0.255289 -1.949453e-01 0.947008 -2.989335e+03 0.007988 -9.790041e-01 -0.203684 2.436962e+02 0.000000 0 0.000000 1 
69 0.966895 6.134542e-02 -0.247691 3.416446e+03 0.254994 -1.956673e-01 0.946939 -2.988813e+03 0.009626 -9.787500e-01 -0.204832 2.436383e+02 0.000000 0 0.000000 1 
70 0.966999 6.073622e-02 -0.247435 3.416328e+03 0.254639 -1.979660e-01 0.946556 -2.988276e+03 0.008507 -9.783256e-01 -0.206898 2.435813e+02 0.000000 0 0.000000 1 
71 0.967026 6.069212e-02 -0.247342 3.416208e+03 0.254558 -2.002802e-01 0.946091 -2.987725e+03 0.007883 -9.778572e-01 -0.209125 2.435207e+02 0.000000 0 0.000000 1 
72 0.967079 6.317158e-02 -0.246511 3.416078e+03 0.254272 -2.010570e-01 0.946003 -2.987167e+03 0.010198 -9.775407e-01 -0.210500 2.434610e+02 0.000000 0 0.000000 1 
73 0.967045 6.520076e-02 -0.246116 3.415946e+03 0.254304 -2.002491e-01 0.946166 -2.986599e+03 0.012406 -9.775733e-01 -0.210230 2.434003e+02 0.000000 0 0.000000 1 
74 0.966779 6.474821e-02 -0.247281 3.415815e+03 0.255330 -1.987882e-01 0.946197 -2.986022e+03 0.012108 -9.779015e-01 -0.208715 2.433390e+02 0.000000 0 0.000000 1 
75 0.966520 6.363294e-02 -0.248576 3.415684e+03 0.256344 -1.969002e-01 0.946318 -2.985435e+03 0.011273 -9.783566e-01 -0.206619 2.432755e+02 0.000000 0 0.000000 1 
76 0.966326 6.410004e-02 -0.249212 3.415545e+03 0.257050 -1.957248e-01 0.946371 -2.984833e+03 0.011886 -9.785619e-01 -0.205610 2.432097e+02 0.000000 0 0.000000 1 
77 0.966006 6.660049e-02 -0.249797 3.415399e+03 0.258123 -1.947511e-01 0.946279 -2.984218e+03 0.014375 -9.785892e-01 -0.205321 2.431438e+02 0.000000 0 0.000000 1 
78 0.965457 7.238802e-02 -0.250309 3.415242e+03 0.259832 -1.954040e-01 0.945677 -2.983588e+03 0.019545 -9.780479e-01 -0.207462 2.430736e+02 0.000000 0 0.000000 1 
79 0.965304 7.253153e-02 -0.250856 3.415092e+03 0.260420 -1.965181e-01 0.945284 -2.982943e+03 0.019265 -9.778140e-01 -0.208587 2.430032e+02 0.000000 0 0.000000 1 
80 0.965009 7.144073e-02 -0.252300 3.414943e+03 0.261580 -1.951034e-01 0.945257 -2.982290e+03 0.018306 -9.781776e-01 -0.206963 2.429371e+02 0.000000 0 0.000000 1 
81 0.965052 6.272606e-02 -0.254441 3.414804e+03 0.261835 -1.906231e-01 0.946100 -2.981628e+03 0.010843 -9.796575e-01 -0.200384 2.428767e+02 0.000000 0 0.000000 1 
82 0.964720 5.945097e-02 -0.256478 3.414655e+03 0.263134 -1.854372e-01 0.946770 -2.980953e+03 0.008726 -9.808563e-01 -0.194538 2.428104e+02 0.000000 0 0.000000 1 
83 0.964384 5.783937e-02 -0.258107 3.414496e+03 0.264389 -1.814497e-01 0.947193 -2.980270e+03 0.007952 -9.816981e-01 -0.190278 2.427411e+02 0.000000 0 0.000000 1 
84 0.963862 6.027306e-02 -0.259497 3.414326e+03 0.266251 -1.848478e-01 0.946013 -2.979568e+03 0.009052 -9.809174e-01 -0.194215 2.426654e+02 0.000000 0 0.000000 1 
85 0.963572 5.686434e-02 -0.261336 3.414162e+03 0.267435 -1.941817e-01 0.943807 -2.978848e+03 0.002923 -9.793163e-01 -0.202315 2.425960e+02 0.000000 0 0.000000 1 
86 0.963149 5.295586e-02 -0.263707 3.414002e+03 0.268961 -1.983590e-01 0.942504 -2.978121e+03 -0.002397 -9.786980e-01 -0.205291 2.425280e+02 0.000000 0 0.000000 1 
87 0.962815 5.283527e-02 -0.264948 3.413826e+03 0.270151 -1.980834e-01 0.942221 -2.977392e+03 -0.002699 -9.787604e-01 -0.204990 2.424518e+02 0.000000 0 0.000000 1 
88 0.962196 5.788253e-02 -0.266136 3.413634e+03 0.272347 -1.954563e-01 0.942138 -2.976657e+03 0.002516 -9.790030e-01 -0.203831 2.423727e+02 0.000000 0 0.000000 1 
89 0.961453 6.344152e-02 -0.267552 3.413436e+03 0.274874 -1.959852e-01 0.941294 -2.975907e+03 0.007281 -9.785527e-01 -0.205868 2.422868e+02 0.000000 0 0.000000 1 
90 0.960946 6.497683e-02 -0.269001 3.413244e+03 0.276634 -1.989316e-01 0.940160 -2.975143e+03 0.007576 -9.778572e-01 -0.209136 2.422053e+02 0.000000 0 0.000000 1 
91 0.960306 6.764908e-02 -0.270622 3.413047e+03 0.278791 -2.000482e-01 0.939285 -2.974375e+03 0.009405 -9.774481e-01 -0.210967 2.421216e+02 0.000000 0 0.000000 1 
92 0.960066 6.626594e-02 -0.271813 3.412851e+03 0.279654 -1.988115e-01 0.939291 -2.973599e+03 0.008204 -9.777951e-01 -0.209403 2.420382e+02 0.000000 0 0.000000 1 
93 0.959615 6.418579e-02 -0.273898 3.412654e+03 0.281237 -1.954321e-01 0.939528 -2.972819e+03 0.006776 -9.786148e-01 -0.205590 2.419572e+02 0.000000 0 0.000000 1 
94 0.959190 6.187806e-02 -0.275909 3.412455e+03 0.282726 -1.942796e-01 0.939320 -2.972027e+03 0.004520 -9.789929e-01 -0.203845 2.418727e+02 0.000000 0 0.000000 1 
95 0.958734 5.747607e-02 -0.278435 3.412256e+03 0.284306 -1.931332e-01 0.939079 -2.971226e+03 0.000200 -9.794879e-01 -0.201503 2.417939e+02 0.000000 0 0.000000 1 
96 0.958089 5.557737e-02 -0.281029 3.412052e+03 0.286462 -1.938819e-01 0.938269 -2.970418e+03 -0.002340 -9.794496e-01 -0.201676 2.417111e+02 0.000000 0 0.000000 1 
97 0.957578 5.466179e-02 -0.282943 3.411840e+03 0.288153 -1.938657e-01 0.937755 -2.969603e+03 -0.003593 -9.795043e-01 -0.201392 2.416264e+02 0.000000 0 0.000000 1 
98 0.957185 5.236662e-02 -0.284703 3.411630e+03 0.289394 -1.969931e-01 0.936720 -2.968776e+03 -0.007031 -9.790056e-01 -0.203712 2.415399e+02 0.000000 0 0.000000 1 
99 0.956682 5.374344e-02 -0.286132 3.411409e+03 0.291064 -1.984111e-01 0.935903 -2.967946e+03 -0.006473 -9.786445e-01 -0.205458 2.414531e+02 0.000000 0 0.000000 1 
100 0.956371 5.422030e-02 -0.287081 3.411184e+03 0.292102 -1.963690e-01 0.936010 -2.967115e+03 -0.005623 -9.790301e-01 -0.203639 2.413713e+02 0.000000 0 0.000000 1 
101 0.956204 5.220555e-02 -0.288009 3.410964e+03 0.292632 -1.921717e-01 0.936716 -2.966284e+03 -0.006445 -9.799720e-01 -0.199031 2.412896e+02 0.000000 0 0.000000 1 
102 0.956210 5.247451e-02 -0.287942 3.410740e+03 0.292648 -1.869274e-01 0.937771 -2.965447e+03 -0.004615 -9.809715e-01 -0.194097 2.412078e+02 0.000000 0 0.000000 1 
103 0.956400 5.411684e-02 -0.287005 3.410510e+03 0.292058 -1.829041e-01 0.938748 -2.964603e+03 -0.001692 -9.816404e-01 -0.190734 2.411284e+02 0.000000 0 0.000000 1 
104 0.956679 5.346176e-02 -0.286195 3.410284e+03 0.291141 -1.815360e-01 0.939299 -2.963752e+03 -0.001738 -9.819302e-01 -0.189236 2.410501e+02 0.000000 0 0.000000 1 
105 0.957080 5.397168e-02 -0.284755 3.410061e+03 0.289822 -1.829734e-01 0.939427 -2.962900e+03 -0.001400 -9.816355e-01 -0.190761 2.409750e+02 0.000000 0 0.000000 1 
106 0.957780 5.411199e-02 -0.282366 3.409842e+03 0.287502 -1.847556e-01 0.939791 -2.962055e+03 -0.001314 -9.812939e-01 -0.192512 2.409002e+02 0.000000 0 0.000000 1 
107 0.958411 5.516561e-02 -0.280012 3.409625e+03 0.285394 -1.873748e-01 0.939915 -2.961220e+03 -0.000616 -9.807385e-01 -0.195325 2.408255e+02 0.000000 0 0.000000 1 
108 0.958784 6.056881e-02 -0.277607 3.409407e+03 0.284108 -1.899275e-01 0.939793 -2.960402e+03 0.004197 -9.799283e-01 -0.199307 2.407466e+02 0.000000 0 0.000000 1 
109 0.959288 6.153657e-02 -0.275645 3.409199e+03 0.282367 -1.882480e-01 0.940655 -2.959604e+03 0.005995 -9.801920e-01 -0.197959 2.406782e+02 0.000000 0 0.000000 1 
110 0.959799 6.146597e-02 -0.273877 3.409001e+03 0.280609 -1.865918e-01 0.941511 -2.958822e+03 0.006768 -9.805131e-01 -0.196338 2.406106e+02 0.000000 0 0.000000 1 
111 0.960288 6.334454e-02 -0.271726 3.408804e+03 0.278808 -1.805926e-01 0.943214 -2.958062e+03 0.010676 -9.815163e-01 -0.191081 2.405428e+02 0.000000 0 0.000000 1 
112 0.960662 6.579513e-02 -0.269816 3.408610e+03 0.277369 -1.783307e-01 0.944068 -2.957313e+03 0.013999 -9.817686e-01 -0.189564 2.404771e+02 0.000000 0 0.000000 1 
113 0.960957 6.727490e-02 -0.268396 3.408427e+03 0.276320 -1.825642e-01 0.943566 -2.956572e+03 0.014479 -9.808898e-01 -0.194025 2.404123e+02 0.000000 0 0.000000 1 
114 0.960970 6.852704e-02 -0.268033 3.408248e+03 0.276260 -1.859599e-01 0.942921 -2.955852e+03 0.014772 -9.801650e-01 -0.197632 2.403510e+02 0.000000 0 0.000000 1 
115 0.960830 6.788076e-02 -0.268698 3.408076e+03 0.276802 -1.871238e-01 0.942531 -2.955154e+03 0.013700 -9.799884e-01 -0.198583 2.402968e+02 0.000000 0 0.000000 1 
116 0.960245 6.588705e-02 -0.271274 3.407908e+03 0.278894 -1.839541e-01 0.942539 -2.954481e+03 0.012199 -9.807244e-01 -0.195016 2.402448e+02 0.000000 0 0.000000 1 
117 0.959214 6.614657e-02 -0.274836 3.407738e+03 0.282368 -1.782816e-01 0.942594 -2.953832e+03 0.013352 -9.817539e-01 -0.189687 2.401906e+02 0.000000 0 0.000000 1 
118 0.957857 7.014858e-02 -0.278549 3.407563e+03 0.286712 -1.743549e-01 0.942017 -2.953202e+03 0.017515 -9.821812e-01 -0.187119 2.401374e+02 0.000000 0 0.000000 1 
119 0.956261 7.087828e-02 -0.283799 3.407393e+03 0.292005 -1.740016e-01 0.940455 -2.952588e+03 0.017277 -9.821915e-01 -0.187087 2.400909e+02 0.000000 0 0.000000 1 
120 0.954083 6.931962e-02 -0.291414 3.407228e+03 0.299199 -1.737778e-01 0.938233 -2.951996e+03 0.014397 -9.823424e-01 -0.186538 2.400506e+02 0.000000 0 0.000000 1 
121 0.951029 6.759889e-02 -0.301622 3.407059e+03 0.308872 -1.699608e-01 0.935795 -2.951432e+03 0.011995 -9.831298e-01 -0.182516 2.400158e+02 0.000000 0 0.000000 1 
122 0.946974 6.801942e-02 -0.314028 3.406883e+03 0.321097 -1.646839e-01 0.932618 -2.950893e+03 0.011721 -9.839985e-01 -0.177791 2.399799e+02 0.000000 0 0.000000 1 
123 0.941475 6.958153e-02 -0.329824 3.406699e+03 0.336870 -1.592812e-01 0.927981 -2.950380e+03 0.012036 -9.847783e-01 -0.173398 2.399435e+02 0.000000 0 0.000000 1 
124 0.934491 6.870986e-02 -0.349295 3.406513e+03 0.355899 -1.582099e-01 0.921035 -2.949885e+03 0.008023 -9.850122e-01 -0.172299 2.399078e+02 0.000000 0 0.000000 1 
125 0.925555 6.911379e-02 -0.372253 3.406317e+03 0.378596 -1.591533e-01 0.911776 -2.949411e+03 0.003771 -9.848320e-01 -0.173470 2.398755e+02 0.000000 0 0.000000 1 
126 0.914320 7.083706e-02 -0.398751 3.406108e+03 0.404994 -1.614615e-01 0.899950 -2.948962e+03 -0.000633 -9.843337e-01 -0.176315 2.398453e+02 0.000000 0 0.000000 1 
127 0.900563 7.470914e-02 -0.428259 3.405883e+03 0.434717 -1.613760e-01 0.885990 -2.948542e+03 -0.002919 -9.840614e-01 -0.177806 2.398183e+02 0.000000 0 0.000000 1 
128 0.884116 7.918426e-02 -0.460510 3.405644e+03 0.467249 -1.588059e-01 0.869747 -2.948147e+03 -0.004261 -9.841296e-01 -0.177401 2.397911e+02 0.000000 0 0.000000 1 
129 0.864664 8.409432e-02 -0.495262 3.405384e+03 0.502334 -1.528744e-01 0.851052 -2.947769e+03 -0.004144 -9.846614e-01 -0.174428 2.397625e+02 0.000000 0 0.000000 1 
130 0.842262 8.735727e-02 -0.531943 3.405110e+03 0.539028 -1.485919e-01 0.829077 -2.947397e+03 -0.006616 -9.850328e-01 -0.172241 2.397318e+02 0.000000 0 0.000000 1 
131 0.817260 9.302748e-02 -0.568711 3.404812e+03 0.576210 -1.461608e-01 0.804126 -2.947035e+03 -0.008317 -9.848773e-01 -0.173054 2.396980e+02 0.000000 0 0.000000 1 
132 0.789613 9.997034e-02 -0.605406 3.404491e+03 0.613540 -1.430098e-01 0.776606 -2.946690e+03 -0.008941 -9.846596e-01 -0.174257 2.396649e+02 0.000000 0 0.000000 1 
133 0.758818 1.070894e-01 -0.642438 3.404151e+03 0.651240 -1.384718e-01 0.746132 -2.946362e+03 -0.009056 -9.845597e-01 -0.174815 2.396340e+02 0.000000 0 0.000000 1 
134 0.724928 1.134178e-01 -0.679423 3.403795e+03 0.688743 -1.346094e-01 0.712400 -2.946050e+03 -0.010658 -9.843867e-01 -0.175697 2.396035e+02 0.000000 0 0.000000 1 
135 0.688025 1.192967e-01 -0.715814 3.403421e+03 0.725576 -1.304237e-01 0.675670 -2.945760e+03 -0.012754 -9.842553e-01 -0.176293 2.395702e+02 0.000000 0 0.000000 1 
136 0.648786 1.223959e-01 -0.751063 3.403035e+03 0.760779 -1.265294e-01 0.636558 -2.945488e+03 -0.017119 -9.843831e-01 -0.175206 2.395397e+02 0.000000 0 0.000000 1 
137 0.607344 1.251026e-01 -0.784527 3.402634e+03 0.794183 -1.206717e-01 0.595577 -2.945238e+03 -0.020162 -9.847782e-01 -0.172643 2.395112e+02 0.000000 0 0.000000 1 
138 0.564349 1.273307e-01 -0.815657 3.402221e+03 0.825207 -1.149162e-01 0.553017 -2.945012e+03 -0.023316 -9.851810e-01 -0.169926 2.394822e+02 0.000000 0 0.000000 1 
139 0.519657 1.280361e-01 -0.844727 3.401798e+03 0.853939 -1.094512e-01 0.508734 -2.944807e+03 -0.027320 -9.857118e-01 -0.166211 2.394576e+02 0.000000 0 0.000000 1 
140 0.472807 1.292606e-01 -0.871633 3.401363e+03 0.880742 -1.000373e-01 0.462912 -2.944632e+03 -0.027359 -9.865519e-01 -0.161143 2.394339e+02 0.000000 0 0.000000 1 
141 0.424692 1.284969e-01 -0.896172 3.400921e+03 0.904858 -9.248764e-02 0.415546 -2.944477e+03 -0.029488 -9.873880e-01 -0.155549 2.394108e+02 0.000000 0 0.000000 1 
142 0.374698 1.283676e-01 -0.918217 3.400467e+03 0.926646 -8.442988e-02 0.366334 -2.944345e+03 -0.030499 -9.881264e-01 -0.150586 2.393906e+02 0.000000 0 0.000000 1 
143 0.324341 1.281735e-01 -0.937216 3.400007e+03 0.945281 -8.092507e-02 0.316065 -2.944230e+03 -0.035333 -9.884448e-01 -0.147406 2.393691e+02 0.000000 0 0.000000 1 
144 0.272694 1.307278e-01 -0.953178 3.399535e+03 0.961410 -7.456758e-02 0.264822 -2.944142e+03 -0.036456 -9.886103e-01 -0.146016 2.393496e+02 0.000000 0 0.000000 1 
145 0.220413 1.351977e-01 -0.965991 3.399053e+03 0.974591 -7.103109e-02 0.212434 -2.944076e+03 -0.039895 -9.882695e-01 -0.147418 2.393285e+02 0.000000 0 0.000000 1 
146 0.168326 1.395115e-01 -0.975809 3.398565e+03 0.984785 -6.718102e-02 0.160269 -2.944036e+03 -0.043196 -9.879391e-01 -0.148696 2.393083e+02 0.000000 0 0.000000 1 
147 0.116124 1.440284e-01 -0.982736 3.398074e+03 0.992155 -6.296246e-02 0.108009 -2.944020e+03 -0.046319 -9.875687e-01 -0.150209 2.392865e+02 0.000000 0 0.000000 1 
148 0.064330 1.446937e-01 -0.987383 3.397588e+03 0.996695 -5.851288e-02 0.056362 -2.944031e+03 -0.049619 -9.877451e-01 -0.147979 2.392700e+02 0.000000 0 0.000000 1 
149 0.014510 1.424222e-01 -0.989699 3.397101e+03 0.998641 -5.161899e-02 0.007213 -2.944065e+03 -0.050060 -9.884593e-01 -0.142977 2.392595e+02 0.000000 0 0.000000 1 
150 -0.033625 1.387388e-01 -0.989758 3.396622e+03 0.998110 -4.630832e-02 -0.040399 -2.944126e+03 -0.051439 -9.892460e-01 -0.136919 2.392502e+02 0.000000 0 0.000000 1 
151 -0.081987 1.342372e-01 -0.987552 3.396142e+03 0.995254 -4.109835e-02 -0.088213 -2.944198e+03 -0.052428 -9.900968e-01 -0.130230 2.392392e+02 0.000000 0 0.000000 1 
152 -0.128143 1.302810e-01 -0.983161 3.395665e+03 0.990338 -3.618421e-02 -0.133873 -2.944293e+03 -0.053016 -9.908169e-01 -0.124385 2.392267e+02 0.000000 0 0.000000 1 
153 -0.171519 1.297100e-01 -0.976604 3.395187e+03 0.983886 -2.826111e-02 -0.176551 -2.944418e+03 -0.050500 -9.911494e-01 -0.122772 2.392118e+02 0.000000 0 0.000000 1 
154 -0.213292 1.309091e-01 -0.968178 3.394709e+03 0.975742 -2.151503e-02 -0.217867 -2.944557e+03 -0.049351 -9.911611e-01 -0.123144 2.391976e+02 0.000000 0 0.000000 1 
155 -0.253087 1.353202e-01 -0.957933 3.394231e+03 0.966303 -1.271483e-02 -0.257094 -2.944718e+03 -0.046970 -9.907206e-01 -0.127542 2.391837e+02 0.000000 0 0.000000 1 
156 -0.289687 1.390790e-01 -0.946963 3.393757e+03 0.956131 -2.957970e-03 -0.292926 -2.944898e+03 -0.043541 -9.902771e-01 -0.132120 2.391719e+02 0.000000 0 0.000000 1 
157 -0.323805 1.407644e-01 -0.935594 3.393290e+03 0.945257 5.790093e-03 -0.326277 -2.945092e+03 -0.040511 -9.900264e-01 -0.134933 2.391583e+02 0.000000 0 0.000000 1 
158 -0.355844 1.406304e-01 -0.923904 3.392830e+03 0.933724 1.205494e-02 -0.357791 -2.945293e+03 -0.039178 -9.899890e-01 -0.135599 2.391463e+02 0.000000 0 0.000000 1 
159 -0.384769 1.385160e-01 -0.912560 3.392375e+03 0.922185 1.581460e-02 -0.386426 -2.945504e+03 -0.039094 -9.902342e-01 -0.133821 2.391361e+02 0.000000 0 0.000000 1 
160 -0.410814 1.345961e-01 -0.901729 3.391926e+03 0.910958 2.018464e-02 -0.412005 -2.945727e+03 -0.037253 -9.906952e-01 -0.130903 2.391250e+02 0.000000 0 0.000000 1 
161 -0.434133 1.298209e-01 -0.891446 3.391480e+03 0.900202 2.501114e-02 -0.434754 -2.945962e+03 -0.034144 -9.912222e-01 -0.127722 2.391125e+02 0.000000 0 0.000000 1 
162 -0.454993 1.250381e-01 -0.881673 3.391036e+03 0.889929 2.854537e-02 -0.455205 -2.946204e+03 -0.031750 -9.917415e-01 -0.124262 2.390999e+02 0.000000 0 0.000000 1 
163 -0.473092 1.213822e-01 -0.872611 3.390592e+03 0.880483 3.077245e-02 -0.473078 -2.946451e+03 -0.030571 -9.921290e-01 -0.121432 2.390895e+02 0.000000 0 0.000000 1 
164 -0.488765 1.199816e-01 -0.864126 3.390144e+03 0.871886 3.264030e-02 -0.488621 -2.946704e+03 -0.030420 -9.922396e-01 -0.120563 2.390815e+02 0.000000 0 0.000000 1 
165 -0.502506 1.198729e-01 -0.856223 3.389695e+03 0.864053 3.525334e-02 -0.502165 -2.946964e+03 -0.030011 -9.921634e-01 -0.121291 2.390724e+02 0.000000 0 0.000000 1 
166 -0.514759 1.190043e-01 -0.849035 3.389248e+03 0.856823 3.717685e-02 -0.514269 -2.947230e+03 -0.029635 -9.921977e-01 -0.121102 2.390648e+02 0.000000 0 0.000000 1 
167 -0.525983 1.170882e-01 -0.842397 3.388805e+03 0.849988 3.815442e-02 -0.525419 -2.947500e+03 -0.029379 -9.923886e-01 -0.119591 2.390584e+02 0.000000 0 0.000000 1 
168 -0.535442 1.145755e-01 -0.836764 3.388363e+03 0.844081 3.878668e-02 -0.534812 -2.947773e+03 -0.028821 -9.926573e-01 -0.117478 2.390546e+02 0.000000 0 0.000000 1 
169 -0.542905 1.114182e-01 -0.832370 3.387923e+03 0.839366 4.032643e-02 -0.542069 -2.948051e+03 -0.026830 -9.929553e-01 -0.115413 2.390492e+02 0.000000 0 0.000000 1 
170 -0.548522 1.081470e-01 -0.829113 3.387482e+03 0.835773 4.167831e-02 -0.547491 -2.948331e+03 -0.024653 -9.932611e-01 -0.113247 2.390422e+02 0.000000 0 0.000000 1 
171 -0.552860 1.056116e-01 -0.826555 3.387038e+03 0.832977 4.349690e-02 -0.551596 -2.948613e+03 -0.022302 -9.934559e-01 -0.112019 2.390334e+02 0.000000 0 0.000000 1 
172 -0.555809 1.050721e-01 -0.824644 3.386589e+03 0.831049 4.534424e-02 -0.554348 -2.948897e+03 -0.020853 -9.934305e-01 -0.112522 2.390253e+02 0.000000 0 0.000000 1 
173 -0.557760 1.069324e-01 -0.823086 3.386134e+03 0.829755 4.757342e-02 -0.556097 -2.949183e+03 -0.020308 -9.931277e-01 -0.115261 2.390179e+02 0.000000 0 0.000000 1 
174 -0.558912 1.085822e-01 -0.822088 3.385680e+03 0.828975 4.870434e-02 -0.557161 -2.949467e+03 -0.020458 -9.928939e-01 -0.117233 2.390133e+02 0.000000 0 0.000000 1 
175 -0.560026 1.082591e-01 -0.821371 3.385227e+03 0.828284 5.187330e-02 -0.557902 -2.949757e+03 -0.017790 -9.927687e-01 -0.118719 2.390059e+02 0.000000 0 0.000000 1 
176 -0.560687 1.059658e-01 -0.821220 3.384777e+03 0.827909 5.489425e-02 -0.558170 -2.950048e+03 -0.014066 -9.928536e-01 -0.118508 2.389994e+02 0.000000 0 0.000000 1 
177 -0.561386 9.872589e-02 -0.821644 3.384334e+03 0.827516 5.734900e-02 -0.558506 -2.950339e+03 -0.008018 -9.934610e-01 -0.113891 2.389972e+02 0.000000 0 0.000000 1 
178 -0.561597 9.158228e-02 -0.822327 3.383888e+03 0.827389 5.493111e-02 -0.558936 -2.950624e+03 -0.006017 -9.942815e-01 -0.106623 2.389974e+02 0.000000 0 0.000000 1 
179 -0.561663 8.782103e-02 -0.822692 3.383433e+03 0.827333 5.065860e-02 -0.559423 -2.950904e+03 -0.007452 -9.948475e-01 -0.101109 2.389958e+02 0.000000 0 0.000000 1 
180 -0.561346 8.529222e-02 -0.823175 3.382973e+03 0.827553 4.947215e-02 -0.559204 -2.951191e+03 -0.006971 -9.951272e-01 -0.098354 2.389909e+02 0.000000 0 0.000000 1 
181 -0.560803 8.267550e-02 -0.823811 3.382513e+03 0.827940 5.123782e-02 -0.558471 -2.951486e+03 -0.003961 -9.952587e-01 -0.097184 2.389872e+02 0.000000 0 0.000000 1 
182 -0.560765 8.060277e-02 -0.824042 3.382053e+03 0.827972 5.737564e-02 -0.557826 -2.951789e+03 0.002318 -9.950938e-01 -0.098910 2.389875e+02 0.000000 0 0.000000 1 
183 -0.560684 8.101379e-02 -0.824058 3.381590e+03 0.828011 6.176010e-02 -0.557301 -2.952090e+03 0.005745 -9.947979e-01 -0.101707 2.389916e+02 0.000000 0 0.000000 1 
184 -0.560770 8.403314e-02 -0.823697 3.381119e+03 0.827967 6.069476e-02 -0.557484 -2.952380e+03 0.003147 -9.946130e-01 -0.103612 2.389910e+02 0.000000 0 0.000000 1 
185 -0.560778 8.587920e-02 -0.823501 3.380648e+03 0.827967 5.824885e-02 -0.557744 -2.952664e+03 0.000070 -9.946016e-01 -0.103769 2.389909e+02 0.000000 0 0.000000 1 
186 -0.560628 8.615272e-02 -0.823574 3.380180e+03 0.828067 5.649901e-02 -0.557776 -2.952952e+03 -0.001522 -9.946789e-01 -0.103014 2.389922e+02 0.000000 0 0.000000 1 
187 -0.560211 8.575072e-02 -0.823900 3.379712e+03 0.828350 5.802405e-02 -0.557198 -2.953248e+03 0.000026 -9.946258e-01 -0.103537 2.389928e+02 0.000000 0 0.000000 1 
188 -0.560029 8.658606e-02 -0.823936 3.379242e+03 0.828472 6.012985e-02 -0.556793 -2.953547e+03 0.001333 -9.944283e-01 -0.105408 2.389913e+02 0.000000 0 0.000000 1 
189 -0.560581 8.868345e-02 -0.823337 3.378769e+03 0.828100 6.069696e-02 -0.557285 -2.953840e+03 0.000552 -9.942090e-01 -0.107464 2.389857e+02 0.000000 0 0.000000 1 
190 -0.560594 9.214708e-02 -0.822948 3.378290e+03 0.828081 5.743635e-02 -0.557658 -2.954128e+03 -0.004119 -9.940877e-01 -0.108503 2.389832e+02 0.000000 0 0.000000 1 
191 -0.560560 9.343593e-02 -0.822826 3.377815e+03 0.828083 5.458021e-02 -0.557943 -2.954416e+03 -0.007222 -9.941284e-01 -0.107967 2.389874e+02 0.000000 0 0.000000 1 
192 -0.560674 9.094400e-02 -0.823027 3.377347e+03 0.828013 5.396060e-02 -0.558107 -2.954710e+03 -0.006345 -9.943932e-01 -0.105556 2.389924e+02 0.000000 0 0.000000 1 
193 -0.560602 8.724117e-02 -0.823477 3.376878e+03 0.828076 5.424302e-02 -0.557985 -2.955008e+03 -0.004011 -9.947096e-01 -0.102650 2.389904e+02 0.000000 0 0.000000 1 
194 -0.560360 8.243634e-02 -0.824137 3.376411e+03 0.828249 5.733458e-02 -0.557420 -2.955312e+03 0.001300 -9.949460e-01 -0.100405 2.389850e+02 0.000000 0 0.000000 1 
195 -0.560454 8.363995e-02 -0.823951 3.375933e+03 0.828185 5.771181e-02 -0.557475 -2.955610e+03 0.000925 -9.948237e-01 -0.101613 2.389778e+02 0.000000 0 0.000000 1 
196 -0.560300 9.021954e-02 -0.823362 3.375442e+03 0.828283 5.671316e-02 -0.557433 -2.955905e+03 -0.003596 -9.943060e-01 -0.106503 2.389764e+02 0.000000 0 0.000000 1 
197 -0.559512 9.410182e-02 -0.823463 3.374953e+03 0.828815 5.936092e-02 -0.556365 -2.956210e+03 -0.003473 -9.937915e-01 -0.111205 2.389742e+02 0.000000 0 0.000000 1 
198 -0.558887 9.159651e-02 -0.824170 3.374473e+03 0.829244 6.313093e-02 -0.555310 -2.956519e+03 0.001166 -9.937933e-01 -0.111238 2.389730e+02 0.000000 0 0.000000 1 
199 -0.558415 8.832286e-02 -0.824847 3.373994e+03 0.829542 6.647740e-02 -0.554474 -2.956829e+03 0.005861 -9.938714e-01 -0.110389 2.389708e+02 0.000000 0 0.000000 1 
200 -0.558501 8.174488e-02 -0.825466 3.373516e+03 0.829480 6.265463e-02 -0.555011 -2.957127e+03 0.006350 -9.946822e-01 -0.102798 2.389750e+02 0.000000 0 0.000000 1 
201 -0.558622 7.812901e-02 -0.825735 3.373030e+03 0.829416 5.662923e-02 -0.555754 -2.957421e+03 0.003341 -9.953338e-01 -0.096435 2.389768e+02 0.000000 0 0.000000 1 
202 -0.558480 7.486644e-02 -0.826133 3.372541e+03 0.829518 5.123380e-02 -0.556125 -2.957716e+03 0.000691 -9.958768e-01 -0.090715 2.389807e+02 0.000000 0 0.000000 1 
203 -0.558018 7.255995e-02 -0.826651 3.372050e+03 0.829827 5.127862e-02 -0.555660 -2.958022e+03 0.002071 -9.960452e-01 -0.088826 2.389821e+02 0.000000 0 0.000000 1 
204 -0.557590 6.991403e-02 -0.827167 3.371559e+03 0.830109 5.142846e-02 -0.555225 -2.958330e+03 0.003722 -9.962267e-01 -0.086711 2.389901e+02 0.000000 0 0.000000 1 
205 -0.557220 7.018865e-02 -0.827394 3.371063e+03 0.830355 5.224938e-02 -0.554781 -2.958639e+03 0.004292 -9.961647e-01 -0.087395 2.389997e+02 0.000000 0 0.000000 1 
206 -0.557188 7.051242e-02 -0.827387 3.370564e+03 0.830381 5.108354e-02 -0.554850 -2.958945e+03 0.003142 -9.962023e-01 -0.087015 2.390100e+02 0.000000 0 0.000000 1 
207 -0.556931 7.078840e-02 -0.827537 3.370062e+03 0.830557 4.966833e-02 -0.554715 -2.959252e+03 0.001835 -9.962542e-01 -0.086455 2.390186e+02 0.000000 0 0.000000 1 
208 -0.556869 7.106408e-02 -0.827555 3.369559e+03 0.830599 4.955350e-02 -0.554662 -2.959564e+03 0.001592 -9.962403e-01 -0.086620 2.390262e+02 0.000000 0 0.000000 1 
209 -0.556904 7.214202e-02 -0.827438 3.369052e+03 0.830577 4.925832e-02 -0.554721 -2.959875e+03 0.000740 -9.961775e-01 -0.087351 2.390356e+02 0.000000 0 0.000000 1 
210 -0.556654 7.335352e-02 -0.827500 3.368545e+03 0.830745 4.850922e-02 -0.554536 -2.960186e+03 -0.000535 -9.961258e-01 -0.087940 2.390451e+02 0.000000 0 0.000000 1 
211 -0.556548 7.361960e-02 -0.827548 3.368035e+03 0.830814 4.691425e-02 -0.554570 -2.960498e+03 -0.002003 -9.961825e-01 -0.087273 2.390565e+02 0.000000 0 0.000000 1 
212 -0.556417 7.209119e-02 -0.827770 3.367526e+03 0.830900 4.540945e-02 -0.554566 -2.960810e+03 -0.002390 -9.963640e-01 -0.085166 2.390689e+02 0.000000 0 0.000000 1 
213 -0.556270 7.111143e-02 -0.827953 3.367014e+03 0.830996 4.376508e-02 -0.554555 -2.961123e+03 -0.003199 -9.965080e-01 -0.083438 2.390795e+02 0.000000 0 0.000000 1 
214 -0.556206 7.026568e-02 -0.828068 3.366500e+03 0.831035 4.223567e-02 -0.554614 -2.961438e+03 -0.003996 -9.966340e-01 -0.081884 2.390899e+02 0.000000 0 0.000000 1 
215 -0.556226 7.034633e-02 -0.828048 3.365981e+03 0.831018 4.148672e-02 -0.554696 -2.961755e+03 -0.004668 -9.966598e-01 -0.081534 2.390998e+02 0.000000 0 0.000000 1 
216 -0.556170 7.093141e-02 -0.828036 3.365460e+03 0.831042 3.935570e-02 -0.554816 -2.962072e+03 -0.006766 -9.967047e-01 -0.080835 2.391143e+02 0.000000 0 0.000000 1 
217 -0.556018 7.275190e-02 -0.827980 3.364935e+03 0.831130 3.878516e-02 -0.554725 -2.962393e+03 -0.008244 -9.965959e-01 -0.082031 2.391267e+02 0.000000 0 0.000000 1 
218 -0.555899 7.389878e-02 -0.827959 3.364408e+03 0.831191 3.752756e-02 -0.554719 -2.962713e+03 -0.009921 -9.965596e-01 -0.082285 2.391390e+02 0.000000 0 0.000000 1 
219 -0.555885 7.484650e-02 -0.827883 3.363878e+03 0.831196 3.763317e-02 -0.554705 -2.963037e+03 -0.010362 -9.964849e-01 -0.083131 2.391491e+02 0.000000 0 0.000000 1 
220 -0.555848 7.675341e-02 -0.827733 3.363344e+03 0.831229 3.982257e-02 -0.554502 -2.963368e+03 -0.009597 -9.962548e-01 -0.085934 2.391569e+02 0.000000 0 0.000000 1 
221 -0.555848 7.824697e-02 -0.827593 3.362808e+03 0.831220 3.994598e-02 -0.554507 -2.963696e+03 -0.010329 -9.961336e-01 -0.087244 2.391676e+02 0.000000 0 0.000000 1 
222 -0.555953 8.016486e-02 -0.827339 3.362267e+03 0.831114 3.811662e-02 -0.554795 -2.964021e+03 -0.012939 -9.960528e-01 -0.087816 2.391800e+02 0.000000 0 0.000000 1 
223 -0.556073 8.083883e-02 -0.827193 3.361727e+03 0.830977 3.473651e-02 -0.555222 -2.964345e+03 -0.016149 -9.961219e-01 -0.086490 2.391915e+02 0.000000 0 0.000000 1 
224 -0.556297 8.015498e-02 -0.827109 3.361186e+03 0.830784 3.178968e-02 -0.555687 -2.964674e+03 -0.018247 -9.962756e-01 -0.084275 2.392005e+02 0.000000 0 0.000000 1 
225 -0.556853 8.052724e-02 -0.826698 3.360643e+03 0.830360 2.946652e-02 -0.556448 -2.965005e+03 -0.020449 -9.963170e-01 -0.083274 2.392090e+02 0.000000 0 0.000000 1 
226 -0.557924 8.251670e-02 -0.825779 3.360095e+03 0.829580 2.816987e-02 -0.557677 -2.965340e+03 -0.022755 -9.961917e-01 -0.084170 2.392178e+02 0.000000 0 0.000000 1 
227 -0.559469 8.562970e-02 -0.824416 3.359546e+03 0.828477 2.784488e-02 -0.559331 -2.965680e+03 -0.024939 -9.959381e-01 -0.086520 2.392270e+02 0.000000 0 0.000000 1 
228 -0.561334 8.804176e-02 -0.822893 3.358996e+03 0.827150 2.726593e-02 -0.561320 -2.966022e+03 -0.026982 -9.957438e-01 -0.088128 2.392385e+02 0.000000 0 0.000000 1 
229 -0.563651 8.976238e-02 -0.821122 3.358444e+03 0.825509 2.646498e-02 -0.563768 -2.966367e+03 -0.028874 -9.956118e-01 -0.089016 2.392483e+02 0.000000 0 0.000000 1 
230 -0.566680 9.035471e-02 -0.818969 3.357894e+03 0.823356 2.472579e-02 -0.566987 -2.966714e+03 -0.030980 -9.956029e-01 -0.088405 2.392573e+02 0.000000 0 0.000000 1 
231 -0.571395 9.045759e-02 -0.815675 3.357345e+03 0.819981 2.202529e-02 -0.571967 -2.967066e+03 -0.033773 -9.956570e-01 -0.086758 2.392672e+02 0.000000 0 0.000000 1 
232 -0.578340 8.929841e-02 -0.810894 3.356800e+03 0.815042 2.051729e-02 -0.579038 -2.967427e+03 -0.035070 -9.957938e-01 -0.084647 2.392775e+02 0.000000 0 0.000000 1 
233 -0.586774 8.771498e-02 -0.804986 3.356260e+03 0.808990 2.039811e-02 -0.587468 -2.967798e+03 -0.035109 -9.959370e-01 -0.082929 2.392883e+02 0.000000 0 0.000000 1 
234 -0.596306 8.626067e-02 -0.798110 3.355723e+03 0.802000 2.080262e-02 -0.596963 -2.968178e+03 -0.034891 -9.960556e-01 -0.081585 2.393016e+02 0.000000 0 0.000000 1 
235 -0.606984 8.510484e-02 -0.790144 3.355190e+03 0.793926 2.065503e-02 -0.607663 -2.968567e+03 -0.035394 -9.961581e-01 -0.080103 2.393150e+02 0.000000 0 0.000000 1 
236 -0.619058 8.371240e-02 -0.780872 3.354663e+03 0.784532 2.064388e-02 -0.619745 -2.968965e+03 -0.035760 -9.962763e-01 -0.078454 2.393305e+02 0.000000 0 0.000000 1 
237 -0.632256 8.251137e-02 -0.770354 3.354143e+03 0.773919 2.094041e-02 -0.632938 -2.969376e+03 -0.036093 -9.963703e-01 -0.077096 2.393473e+02 0.000000 0 0.000000 1 
238 -0.646491 8.089914e-02 -0.758620 3.353631e+03 0.762098 2.227415e-02 -0.647078 -2.969800e+03 -0.035450 -9.964736e-01 -0.076052 2.393629e+02 0.000000 0 0.000000 1 
239 -0.661000 7.936654e-02 -0.746177 3.353126e+03 0.749586 2.392673e-02 -0.661474 -2.970235e+03 -0.034645 -9.965585e-01 -0.075307 2.393797e+02 0.000000 0 0.000000 1 
240 -0.675097 7.848473e-02 -0.733542 3.352625e+03 0.736938 2.569051e-02 -0.675472 -2.970682e+03 -0.034169 -9.965845e-01 -0.075181 2.393978e+02 0.000000 0 0.000000 1 
241 -0.688946 7.739219e-02 -0.720669 3.352134e+03 0.724070 2.847038e-02 -0.689139 -2.971140e+03 -0.032816 -9.965944e-01 -0.075651 2.394160e+02 0.000000 0 0.000000 1 
242 -0.702659 7.572121e-02 -0.707487 3.351652e+03 0.710865 3.179490e-02 -0.702610 -2.971610e+03 -0.030708 -9.966222e-01 -0.076168 2.394314e+02 0.000000 0 0.000000 1 
243 -0.715973 7.472268e-02 -0.694118 3.351174e+03 0.697476 3.357774e-02 -0.715821 -2.972088e+03 -0.030181 -9.966391e-01 -0.076157 2.394486e+02 0.000000 0 0.000000 1 
244 -0.728882 7.317782e-02 -0.680718 3.350706e+03 0.684023 3.560070e-02 -0.728592 -2.972576e+03 -0.029082 -9.966835e-01 -0.076003 2.394664e+02 0.000000 0 0.000000 1 
245 -0.740737 7.062425e-02 -0.668073 3.350244e+03 0.671212 3.633996e-02 -0.740375 -2.973072e+03 -0.028010 -9.968411e-01 -0.074321 2.394870e+02 0.000000 0 0.000000 1 
246 -0.751310 6.707396e-02 -0.656533 3.349791e+03 0.659451 3.759704e-02 -0.750807 -2.973576e+03 -0.025676 -9.970396e-01 -0.072478 2.395051e+02 0.000000 0 0.000000 1 
247 -0.760272 6.282869e-02 -0.646560 3.349343e+03 0.649225 3.940896e-02 -0.759575 -2.974089e+03 -0.022243 -9.972462e-01 -0.070751 2.395238e+02 0.000000 0 0.000000 1 
248 -0.767373 5.939179e-02 -0.638445 3.348895e+03 0.640918 4.144125e-02 -0.766489 -2.974610e+03 -0.019065 -9.973744e-01 -0.069865 2.395436e+02 0.000000 0 0.000000 1 
249 -0.772806 5.517708e-02 -0.632240 3.348451e+03 0.634492 4.542136e-02 -0.771594 -2.975137e+03 -0.013857 -9.974432e-01 -0.070111 2.395625e+02 0.000000 0 0.000000 1 
250 -0.776749 5.214862e-02 -0.627649 3.348007e+03 0.629749 5.024475e-02 -0.775172 -2.975672e+03 -0.008888 -9.973748e-01 -0.071867 2.395815e+02 0.000000 0 0.000000 1 
251 -0.779692 5.098707e-02 -0.624085 3.347559e+03 0.626132 5.335813e-02 -0.777889 -2.976206e+03 -0.006362 -9.972731e-01 -0.073527 2.396003e+02 0.000000 0 0.000000 1 
252 -0.782260 4.978448e-02 -0.620960 3.347110e+03 0.622933 5.456914e-02 -0.780370 -2.976740e+03 -0.004965 -9.972684e-01 -0.073699 2.396203e+02 0.000000 0 0.000000 1 
253 -0.784204 4.824150e-02 -0.618625 3.346661e+03 0.620492 5.498748e-02 -0.782282 -2.977277e+03 -0.003722 -9.973212e-01 -0.073054 2.396409e+02 0.000000 0 0.000000 1 
254 -0.785792 4.429972e-02 -0.616903 3.346215e+03 0.618492 5.665450e-02 -0.783746 -2.977821e+03 0.000231 -9.974108e-01 -0.071917 2.396583e+02 0.000000 0 0.000000 1 
255 -0.787386 4.165523e-02 -0.615052 3.345767e+03 0.616448 5.965499e-02 -0.785132 -2.978370e+03 0.003986 -9.973498e-01 -0.072649 2.396749e+02 0.000000 0 0.000000 1 
256 -0.788652 4.131535e-02 -0.613451 3.345313e+03 0.614816 6.196564e-02 -0.786232 -2.978921e+03 0.005530 -9.972230e-01 -0.074270 2.396927e+02 0.000000 0 0.000000 1 
257 -0.789419 4.130383e-02 -0.612464 3.344856e+03 0.613822 6.350008e-02 -0.786886 -2.979471e+03 0.006390 -9.971270e-01 -0.075481 2.397124e+02 0.000000 0 0.000000 1 
258 -0.789879 4.002651e-02 -0.611956 3.344399e+03 0.613216 6.399752e-02 -0.787318 -2.980023e+03 0.007650 -9.971473e-01 -0.075094 2.397327e+02 0.000000 0 0.000000 1 
259 -0.790091 3.669733e-02 -0.611891 3.343944e+03 0.612877 6.652352e-02 -0.787373 -2.980580e+03 0.011811 -9.971100e-01 -0.075050 2.397487e+02 0.000000 0 0.000000 1 
260 -0.789874 3.441355e-02 -0.612304 3.343485e+03 0.613077 6.937398e-02 -0.786971 -2.981140e+03 0.015396 -9.969972e-01 -0.075894 2.397629e+02 0.000000 0 0.000000 1 
261 -0.788781 3.292455e-02 -0.613793 3.343022e+03 0.614344 7.502488e-02 -0.785463 -2.981705e+03 0.020189 -9.966382e-01 -0.079404 2.397781e+02 0.000000 0 0.000000 1 
262 -0.786288 3.286013e-02 -0.616987 3.342551e+03 0.617423 7.941923e-02 -0.782612 -2.982268e+03 0.023284 -9.962998e-01 -0.082734 2.397926e+02 0.000000 0 0.000000 1 
263 -0.782575 3.153498e-02 -0.621758 3.342077e+03 0.621965 8.316108e-02 -0.778617 -2.982827e+03 0.027153 -9.960373e-01 -0.084693 2.398066e+02 0.000000 0 0.000000 1 
264 -0.777953 2.975331e-02 -0.627618 3.341599e+03 0.627548 8.636808e-02 -0.773772 -2.983382e+03 0.031184 -9.958191e-01 -0.085861 2.398193e+02 0.000000 0 0.000000 1 
265 -0.772986 3.105028e-02 -0.633664 3.341113e+03 0.633643 8.734061e-02 -0.768680 -2.983930e+03 0.031477 -9.956947e-01 -0.087187 2.398306e+02 0.000000 0 0.000000 1 
266 -0.767815 3.196559e-02 -0.639875 3.340622e+03 0.639907 8.708011e-02 -0.763502 -2.984470e+03 0.031315 -9.956886e-01 -0.087316 2.398427e+02 0.000000 0 0.000000 1 
267 -0.761873 2.934093e-02 -0.647062 3.340132e+03 0.646807 8.768806e-02 -0.757596 -2.985005e+03 0.034511 -9.957160e-01 -0.085784 2.398575e+02 0.000000 0 0.000000 1 
268 -0.755290 2.595228e-02 -0.654878 3.339640e+03 0.654212 8.979768e-02 -0.750962 -2.985539e+03 0.039318 -9.956221e-01 -0.084801 2.398698e+02 0.000000 0 0.000000 1 
269 -0.749179 2.620693e-02 -0.661850 3.339137e+03 0.661131 9.064823e-02 -0.744775 -2.986064e+03 0.040478 -9.955383e-01 -0.085237 2.398812e+02 0.000000 0 0.000000 1 
270 -0.743566 2.994421e-02 -0.667992 3.338625e+03 0.667491 9.237273e-02 -0.738866 -2.986583e+03 0.039580 -9.952744e-01 -0.088672 2.398918e+02 0.000000 0 0.000000 1 
271 -0.737386 3.517119e-02 -0.674556 3.338108e+03 0.674385 9.497628e-02 -0.732246 -2.987096e+03 0.038313 -9.948583e-01 -0.093752 2.399020e+02 0.000000 0 0.000000 1 
272 -0.731226 3.804018e-02 -0.681074 3.337593e+03 0.681116 9.528988e-02 -0.725948 -2.987600e+03 0.037285 -9.947227e-01 -0.095587 2.399111e+02 0.000000 0 0.000000 1 
273 -0.725560 3.923759e-02 -0.687040 3.337080e+03 0.687199 9.404013e-02 -0.720357 -2.988093e+03 0.036345 -9.947951e-01 -0.095195 2.399226e+02 0.000000 0 0.000000 1 
274 -0.720377 3.928442e-02 -0.692470 3.336566e+03 0.692662 9.221470e-02 -0.715344 -2.988583e+03 0.035754 -9.949641e-01 -0.093639 2.399341e+02 0.000000 0 0.000000 1 
275 -0.716276 4.136908e-02 -0.696590 3.336048e+03 0.697113 8.725216e-02 -0.711632 -2.989060e+03 0.031340 -9.953271e-01 -0.091335 2.399440e+02 0.000000 0 0.000000 1 
276 -0.713240 4.293312e-02 -0.699604 3.335532e+03 0.700368 8.328557e-02 -0.708906 -2.989532e+03 0.027832 -9.956007e-01 -0.089471 2.399545e+02 0.000000 0 0.000000 1 
