1 -0.1786639891 0.9825049516 0.0525661407 3419.236981 0.9782499454 0.1831048845 -0.097466125 -3002.145354 -0.1053860676 0.0340091376 -0.9938496643 244.3852429
30 -0.1805034711 0.9822121483 0.0517473931 3419.192137 0.9783552753 0.1847096979 -0.0932913862 -3001.905322 -0.1011901782 0.033787916 -0.9942931784 244.3580099
33 -0.1809611819 0.9822271243 0.0498289765 3419.14296 0.9781488974 0.1850204596 -0.094827022 -3001.624487 -0.1023610533 0.0315801485 -0.9942458997 244.3328923
35 -0.1809621898 0.9822537567 0.049297498 3419.098911 0.9781118737 0.1849812657 -0.0952842796 -3001.383661 -0.1027124552 0.0309756163 -0.9942286773 244.3078057
37 -0.1808793811 0.9821733668 0.0511676361 3419.043737 0.9779809881 0.185126278 -0.096340272 -3001.102246 -0.1040953234 0.0326150066 -0.9940324064 244.2794459
39 -0.1809591623 0.9821307265 0.0517012343 3418.983068 0.9778050521 0.1853086799 -0.0977648872 -3000.782846 -0.1055985872 0.032862276 -0.9938656897 244.2485425
41 -0.1817392478 0.9820601413 0.0502864263 3418.918453 0.9775897072 0.1859643196 -0.0986693279 -3000.42626 -0.1062506952 0.0312274033 -0.9938489015 244.21167
42 -0.1819355488 0.9820747387 0.0492814734 3418.883276 0.9774675558 0.1860826499 -0.0996515168 -3000.231939 -0.1070356645 0.030040888 -0.9938012435 244.191425
43 -0.182173828 0.982053648 0.0488193483 3418.84493 0.9774068371 0.1862771816 -0.0998833635 -3000.029375 -0.1071847521 0.0295202302 -0.9938007773 244.1699786
44 -0.1828219793 0.9819305714 0.0488720448 3418.805027 0.9772070805 0.1869485883 -0.1005810473 -2999.815943 -0.107900165 0.0293696821 -0.993727818 244.1487682
45 -0.1835418518 0.981823816 0.048315452 3418.762845 0.9770274231 0.1876191798 -0.101076495 -2999.590441 -0.1083042155 0.0286537545 -0.9937047646 244.1258359
46 -0.1843518224 0.9817245604 0.0472365657 3418.718966 0.9768630177 0.1883163473 -0.1013686248 -2999.35073 -0.1084114861 0.0274561634 -0.9937268784 244.1003139
47 -0.1854723036 0.981604139 0.0453137829 3418.67322 0.9766117922 0.1892406606 -0.1020655661 -2999.095596 -0.1087631923 0.025323639 -0.9937450786 244.0735054
48 -0.1870647167 0.9813841529 0.0434963931 3418.625389 0.9762745844 0.1906417941 -0.1026822394 -2998.827118 -0.109062953 0.023256199 -0.9937627592 244.0459193
49 -0.18877233 0.9810319479 0.044060465 3418.570204 0.975851764 0.1924187878 -0.1033844512 -2998.545825 -0.1099015108 0.0234803587 -0.9936650999 244.0163231
50 -0.1911552129 0.9804793214 0.0460432947 3418.510026 0.9753168003 0.1950124872 -0.1035725294 -2998.252617 -0.1105297407 0.02510837 -0.993555608 243.9838356
51 -0.1939466211 0.9800596032 0.0432190056 3418.453324 0.9750380026 0.1974329621 -0.1015929079 -2997.949635 -0.1080999613 0.0224365717 -0.9938868138 243.9512514
52 -0.1969635957 0.9796409479 0.0388452725 3418.397208 0.9747860988 0.1999178821 -0.0991206442 -2997.634104 -0.1048685064 0.0183426731 -0.9943169227 243.9176247
53 -0.1999946339 0.9790579875 0.0380473856 3418.334213 0.9742414662 0.2028400101 -0.098536774 -2997.308312 -0.1041907478 0.0173605147 -0.9944058028 243.8814542
54 -0.2032177731 0.9782399103 0.0418236141 3418.260161 0.973345458 0.206469742 -0.0998442041 -2996.970006 -0.106306896 0.020418708 -0.9941236946 243.8427659
55 -0.2074891387 0.9772109411 0.0447999332 3418.182491 0.972349151 0.2110410408 -0.0999940383 -2996.617296 -0.1071698928 0.0228135001 -0.9939789526 243.80154
56 -0.2129895013 0.975998156 0.0454210499 3418.106297 0.9712908489 0.2165461426 -0.0984979949 -2996.253704 -0.1059696146 0.0231380113 -0.9941001324 243.7611141
57 -0.2167677474 0.9752420272 0.0437576515 3418.02615 0.9707543838 0.2200746324 -0.0959326978 -2995.877717 -0.1031875478 0.0216828172 -0.9944255555 243.7191516
58 -0.2184408685 0.9749747709 0.041325332 3417.941101 0.9705956253 0.2214584842 -0.0943412526 -2995.490033 -0.1011321866 0.0195022013 -0.994681831 243.6768177
59 -0.2191473045 0.9750224361 0.0361345834 3417.859585 0.9703433453 0.2216689479 -0.0964192399 -2995.086385 -0.1020208373 0.013932936 -0.9946846847 243.6430047
60 -0.2182840156 0.9753130834 0.0334137373 3417.771456 0.9705946506 0.2205337845 -0.0964928713 -2994.671785 -0.1014796178 0.0113683433 -0.9947726614 243.6023863
61 -0.2174417691 0.975442542 0.0350845315 3417.671399 0.9712226992 0.2198003984 -0.0917292395 -2994.250375 -0.0971881965 0.0141291253 -0.995165726 243.5470589
62 -0.2178564402 0.9752109725 0.0387573283 3417.568191 0.9713367778 0.2205181279 -0.0887503208 -2993.815114 -0.0950969802 0.0183115894 -0.995299578 243.4898539
63 -0.2177085062 0.9751700361 0.0405759422 3417.463548 0.9712439709 0.2205623268 -0.0896515974 -2993.362728 -0.0963750757 0.0198912239 -0.9951463129 243.4459679
64 -0.2177400712 0.97519169 0.039880185 3417.359999 0.9710534396 0.2205655035 -0.0916846561 -2992.897344 -0.0982063078 0.0187623673 -0.9949891932 243.4033256
65 -0.2177473836 0.9753520241 0.0357002246 3417.258643 0.970807843 0.2202127207 -0.0950709712 -2992.421129 -0.1005893077 0.0139566028 -0.9948301385 243.3611236
66 -0.2176451001 0.9755010411 0.0320675721 3417.156599 0.9706242601 0.2197757575 -0.0979140549 -2991.932805 -0.1025629374 0.0098150491 -0.994678093 243.3169726
67 -0.2170717228 0.9756130053 0.0325442937 3417.044789 0.9707014776 0.2192582557 -0.0983079785 -2991.436545 -0.1030461474 0.0102509117 -0.9946237531 243.2669296
68 -0.2164194251 0.9756398975 0.0359085348 3416.925467 0.9708798965 0.2189426161 -0.0972438038 -2990.928374 -0.1027368433 0.0138174265 -0.9946125978 243.2115064
69 -0.2159215654 0.9756806726 0.0377505338 3416.806066 0.9708732582 0.2186482595 -0.0979696647 -2990.407198 -0.1038411968 0.0154972204 -0.994473148 243.1553831
70 -0.2156011532 0.9757737859 0.0371707065 3416.687065 0.9707132531 0.218303643 -0.1002960602 -2989.870819 -0.105980767 0.0144581512 -0.9942630632 243.1018965
71 -0.2155030326 0.975796769 0.0371363517 3416.56697 0.9704828506 0.2182358963 -0.1026456543 -2989.321092 -0.1082657829 0.0139197427 -0.9940245274 243.0451026
72 -0.2149265284 0.9758234926 0.0396875133 3416.438439 0.970463487 0.2179524755 -0.1034279401 -2988.76383 -0.1095774055 0.0162858745 -0.9938448382 242.9875315
73 -0.2147419191 0.9757782351 0.0417461858 3416.30694 0.9705444033 0.2179799024 -0.1026076185 -2988.195708 -0.1092221104 0.0184823701 -0.9938455275 242.9262495
74 -0.2158634781 0.9755549179 0.0411771894 3416.177789 0.9704663011 0.2190069071 -0.1011490635 -2987.617607 -0.1076945552 0.018126686 -0.9940187654 242.8624532
75 -0.2170474318 0.9753438152 0.0399356303 3416.04732 0.9704328473 0.2200186543 -0.0992566401 -2987.029075 -0.1055959337 0.0172114485 -0.9942601595 242.7954935
76 -0.2177350134 0.9751741018 0.0403352833 3415.910402 0.9703922155 0.2207241452 -0.0980805785 -2986.425915 -0.104548611 0.0177854689 -0.9943607318 242.7280147
77 -0.2185822995 0.9748810816 0.0427627781 3415.767118 0.9702430349 0.2218024736 -0.0971190811 -2985.81005 -0.1041644448 0.0202617755 -0.9943536739 242.6614859
78 -0.2196995725 0.9743628773 0.0484673215 3415.615468 0.9697751037 0.2235312623 -0.0978264947 -2985.179904 -0.1061524664 0.0255099627 -0.9940225831 242.5945799
79 -0.2202640144 0.9742311091 0.0485541976 3415.465834 0.9695201216 0.2241315973 -0.0989735367 -2984.535657 -0.1073056283 0.0252739631 -0.9939047887 242.5261014
80 -0.2215998065 0.9739887954 0.0473217931 3415.318995 0.9693931615 0.2252945515 -0.0975667132 -2983.881113 -0.1056902277 0.0242526579 -0.9941033067 242.4573132
81 -0.2228416148 0.9740967001 0.0384347958 3415.175915 0.9697859169 0.2255258609 -0.0930234462 -2983.21664 -0.0992818724 0.0165440287 -0.9949218084 242.3862821
82 -0.2245461885 0.9738358023 0.034969122 3415.026707 0.9699743359 0.226808371 -0.0877937955 -2982.539218 -0.0934280309 0.0142053888 -0.9955246908 242.310443
83 -0.2260147453 0.9735579664 0.0331997144 3414.869624 0.9700370265 0.2280544179 -0.0837815591 -2981.853057 -0.0891375458 0.0132690844 -0.995930936 242.2340596
84 -0.2276635652 0.9730932999 0.035478596 3414.703334 0.9692800792 0.2299535588 -0.0872782264 -2981.152649 -0.0930882868 0.0145186241 -0.9955519978 242.164871
85 -0.2291562377 0.9728667936 0.0319001667 3414.539866 0.9680795835 0.2312022102 -0.0967856294 -2980.436989 -0.101534914 0.0087028694 -0.994793909 242.1092928
86 -0.2311323436 0.9725259141 0.0277702392 3414.379398 0.9672660508 0.2327683247 -0.1010707375 -2979.711296 -0.1047579434 0.0035004932 -0.9944915886 242.046571
87 -0.2323662492 0.9722388489 0.0275235718 3414.205451 0.9670022074 0.2339689309 -0.1008229649 -2978.982217 -0.104463664 0.0031875005 -0.9945235959 241.9698991
88 -0.2340836041 0.9716756802 0.0324228143 3414.019846 0.9667354892 0.2361706624 -0.0982136044 -2978.244399 -0.1030890884 0.0083540908 -0.9946370439 241.8885855
89 -0.2360837841 0.97099692 0.037807781 3413.828614 0.9660453381 0.2387276635 -0.0988205819 -2977.493866 -0.1049802439 0.0131940936 -0.994386778 241.805782
90 -0.2376993683 0.9705479852 0.0391869707 3413.639489 0.9652836509 0.2405229253 -0.101863613 -2976.731172 -0.1082888892 0.0136136257 -0.99402625 241.7297252
91 -0.2396071091 0.9699748756 0.0416794202 3413.447177 0.9646090784 0.2427100326 -0.1030590406 -2975.962254 -0.1100806935 0.0155106683 -0.9938016201 241.6489241
92 -0.2406588889 0.9697776552 0.040182068 3413.2516 0.9645222545 0.2435738211 -0.1018263923 -2975.185622 -0.1085362598 0.0142510724 -0.9939903356 241.5630389
93 -0.2425373906 0.9694014667 0.0379000061 3413.056642 0.9644739631 0.2451531034 -0.0984374445 -2974.403142 -0.1047167072 0.0126788081 -0.9944212684 241.4757362
94 -0.2443180035 0.9690488195 0.0353991322 3412.858625 0.9642063261 0.2466517856 -0.0973090819 -2973.61006 -0.1030285101 0.0103577065 -0.9946244739 241.3884496
95 -0.2463997702 0.968679941 0.0307623973 3412.660105 0.9639106493 0.2482413284 -0.0961899325 -2972.808141 -0.1008137565 0.0059510251 -0.9948875172 241.3060391
96 -0.2488096396 0.9681297949 0.0286088006 3412.4585 0.9632629429 0.2504256445 -0.0970128825 -2971.999778 -0.1010854394 0.0034200571 -0.9948718697 241.2236094
97 -0.2506390842 0.9676898582 0.0275025044 3412.248922 0.9628138149 0.2521342667 -0.0970457076 -2971.184016 -0.1008444708 0.0021563439 -0.9948998658 241.1385232
98 -0.2521701071 0.9673589046 0.025039703 3412.038922 0.9621500348 0.2534074433 -0.100259554 -2970.358423 -0.1033322195 -0.0011905113 -0.9946461859 241.0561788
99 -0.253749798 0.9669132755 0.026263238 3411.821159 0.961544868 0.2551046796 -0.101750033 -2969.52764 -0.1050833326 -0.0005657686 -0.9944632588 240.9722688
100 -0.2547529347 0.9666391347 0.0266406744 3411.598778 0.9614832658 0.2561420257 -0.0997055273 -2968.695869 -0.103203061 0.0002142869 -0.9946602849 240.8872927
101 -0.2554775993 0.9665034406 0.0245417116 3411.378605 0.9617782623 0.2566524605 -0.0954572609 -2967.861746 -0.0985584617 -0.0007835071 -0.9951309541 240.7980332
102 -0.2554377012 0.9665069788 0.0248161388 3411.154494 0.9622954485 0.2566389006 -0.0901329273 -2967.022112 -0.0934828898 0.0008571097 -0.9956205174 240.7079045
103 -0.2546658571 0.9666646972 0.0265455145 3410.924186 0.9628355999 0.2560196175 -0.0860323369 -2966.176819 -0.0899605954 0.0036494676 -0.995938639 240.6227292
104 -0.2537836849 0.9669121241 0.0259766356 3410.69667 0.9632089922 0.255085019 -0.0846171997 -2965.325538 -0.0884436468 0.0035464642 -0.9960748686 240.5419423
105 -0.2523891629 0.9672592745 0.0266309283 3410.471321 0.9634333104 0.2537596368 -0.0860366382 -2964.474796 -0.0899775909 0.0039424083 -0.9959359872 240.4693401
106 -0.250002102 0.9678683605 0.0270145454 3410.249178 0.9638885276 0.2514240869 -0.0877771887 -2963.631156 -0.0917488712 0.0040945287 -0.9957737592 240.3974213
107 -0.2477446292 0.9684118612 0.0283031047 3410.029377 0.9641981302 0.249307955 -0.0903742728 -2962.798369 -0.0945757069 0.00490006 -0.9955056128 240.3273601
108 -0.245889304 0.9687041139 0.0339232955 3409.811883 0.964286862 0.2480223554 -0.092928785 -2961.98279 -0.098434232 0.0098615939 -0.9950946945 240.2548295
109 -0.2440173602 0.9691359412 0.0350863982 3409.601937 0.9649075275 0.2462535314 -0.0911737989 -2961.184173 -0.0969999549 0.01160714 -0.9952167016 240.1840295
110 -0.2422337798 0.969579284 0.0351967035 3409.400998 0.9655235457 0.2444673764 -0.0894426332 -2960.40246 -0.09532617 0.0123172189 -0.9953698847 240.1137453
111 -0.2402680453 0.969990256 0.0372849779 3409.2023 0.9665392315 0.2426153386 -0.0833049311 -2959.639619 -0.089850879 0.0160218809 -0.9958263498 240.0370183
112 -0.238603276 0.970296374 0.0399177065 3409.00797 0.9671042748 0.2411494302 -0.0809708212 -2958.890401 -0.0881918264 0.0192846814 -0.9959168152 239.9686359
113 -0.2373311828 0.9705404612 0.0415345992 3408.823896 0.9669959191 0.2401120952 -0.0852354047 -2958.152009 -0.0926973686 0.0199347685 -0.9954947528 239.9111957
114 -0.2370973416 0.970541882 0.0428171215 3408.645402 0.9666965832 0.2400701981 -0.0886792872 -2957.433446 -0.0963460772 0.0203655418 -0.995139527 239.855834
115 -0.2376981362 0.9704260147 0.0421063652 3408.473769 0.9664484925 0.2406235375 -0.0898756056 -2956.73574 -0.0973494083 0.0193303692 -0.9950625254 239.8032703
116 -0.2400779625 0.9699349124 0.039860226 3408.307636 0.9662126604 0.2427203546 -0.0867174974 -2956.060183 -0.0937852164 0.0176944949 -0.9954352003 239.7453837
117 -0.243684147 0.9690395295 0.0397545826 3408.143898 0.9658230177 0.2462008376 -0.0810619893 -2955.407206 -0.0883398835 0.0186423692 -0.9959159237 239.6823385
118 -0.2478330775 0.9678321216 0.0433560842 3407.977174 0.9650149306 0.2505702717 -0.0772057164 -2954.773349 -0.0855859181 0.0227051383 -0.9960720493 239.6246689
119 -0.2531864848 0.9664369522 0.0435456228 3407.81632 0.9636263248 0.2559197331 -0.0770025732 -2954.157206 -0.0855623163 0.0224656977 -0.9960795061 239.578142
120 -0.2606806226 0.9645448409 0.0412172653 3407.661122 0.9616662125 0.2631926703 -0.0769916494 -2953.561641 -0.0851099803 0.0195670203 -0.996179413 239.5370647
121 -0.2707693847 0.961875549 0.0384625593 3407.505987 0.9592200215 0.2729578286 -0.0734232538 -2952.99147 -0.0811226892 0.0170132876 -0.9965589081 239.4957794
122 -0.2832985226 0.9582939132 0.0376128053 3407.349521 0.9559879392 0.2853043436 -0.0684725614 -2952.444963 -0.0763479356 0.0165592128 -0.9969437222 239.452069
123 -0.2993682697 0.9533984054 0.0375515601 3407.190405 0.9514255218 0.3012513619 -0.0635381262 -2951.921742 -0.0718896069 0.0167062137 -0.9972726743 239.4084298
124 -0.3188993805 0.9471534082 0.0346930331 3407.033428 0.9451311708 0.3205312788 -0.0631408687 -2951.416231 -0.0709242913 0.0126538831 -0.9974014358 239.371152
125 -0.342100906 0.9390924911 0.0327454322 3406.872686 0.9368800718 0.3435606 -0.0649757273 -2950.93066 -0.0722682579 0.0084502877 -0.997349433 239.3410199
126 -0.3690423385 0.9288702413 0.0317462947 3406.705461 0.9263561224 0.3703819479 -0.0684218329 -2950.467075 -0.0753132589 0.0041578212 -0.9971512551 239.3157877
127 -0.3992899816 0.916245838 0.0325741444 3406.529635 0.9135931809 0.4006118302 -0.0696969242 -2950.028539 -0.0769091043 0.0019302326 -0.99703624 239.291379
128 -0.4324270483 0.9010382557 0.0337180898 3406.34326 0.898413542 0.4337392452 -0.0687268127 -2949.609294 -0.0765503462 0.0005734557 -0.9970655523 239.2635635
129 -0.4682088038 0.8829230328 0.0350347568 3406.140868 0.8805526325 0.4695173958 -0.0646566041 -2949.199711 -0.0735362327 0.0005771561 -0.9972923791 239.2300872
130 -0.5058514175 0.8619299958 0.0345112413 3405.925427 0.8596591443 0.5070234464 -0.0625570175 -2948.794376 -0.0714177784 -0.0019766518 -0.9974445317 239.1959837
131 -0.543924116 0.8383459218 0.0363685487 3405.68854 0.8360133659 0.545126432 -0.062600521 -2948.395437 -0.0723063487 -0.0036453402 -0.9973758085 239.16367
132 -0.5821532816 0.8121193042 0.0394942088 3405.430221 0.8097457461 0.5834761363 -0.0621886239 -2948.008298 -0.0735485103 -0.0042230439 -0.9972826994 239.1325099
133 -0.6208537789 0.78275961 0.0427548614 3405.153333 0.7804147647 0.6223092129 -0.0606962815 -2947.633459 -0.0741173418 -0.0043169906 -0.9972401833 239.1026054
134 -0.6595448939 0.7503032686 0.0452276247 3404.85985 0.7479068775 0.6610676151 -0.0602072326 -2947.270619 -0.0750722014 -0.0058833213 -0.9971607449 239.0736778
135 -0.6977132363 0.714813421 0.0473076435 3404.547487 0.7123602479 0.6992699686 -0.0597024972 -2946.923545 -0.0757569606 -0.0079551379 -0.9970945786 239.0414666
136 -0.7345521334 0.6769409914 0.0467339013 3404.219673 0.6744137135 0.7359335265 -0.0597326339 -2946.592066 -0.0748285132 -0.0123587498 -0.9971198298 239.0094584
137 -0.7696597469 0.6367988465 0.0459467429 3403.873827 0.6343410445 0.770874231 -0.0580030962 -2946.278791 -0.0723554648 -0.0154967435 -0.9972585109 238.9769887
138 -0.8024581138 0.5950154653 0.0449173863 3403.511391 0.5926198302 0.8034954596 -0.056540102 -2945.9863 -0.069733151 -0.0187521298 -0.9973894151 238.9438495
139 -0.8331173857 0.5514548282 0.0425792691 3403.135689 0.5491277337 0.8338905258 -0.0555456848 -2945.712257 -0.0661373851 -0.0228946181 -0.9975478348 238.9134319
140 -0.8617602906 0.5056583862 0.0409731383 3402.74492 0.5036331737 0.8624237523 -0.0507828489 -2945.461852 -0.0610149811 -0.0231272109 -0.9978688813 238.8815281
141 -0.8878957714 0.4585033316 0.0376270376 3402.341678 0.4566906902 0.8883276966 -0.0480366211 -2945.231045 -0.0554500905 -0.0254675949 -0.9981366084 238.8494885
142 -0.9116867731 0.4093786465 0.0351617924 3401.924677 0.4077733038 0.9119747796 -0.0449770402 -2945.020334 -0.0504793077 -0.0266669324 -0.9983690271 238.8213398
143 -0.9324573163 0.3597752914 0.0329407489 3401.495901 0.3581481296 0.9325031087 -0.0465603853 -2944.828574 -0.047468627 -0.0316179043 -0.9983721939 238.7950698
144 -0.9505364769 0.3087728546 0.0337598932 3401.052748 0.3071710498 0.9505703126 -0.0454095473 -2944.659374 -0.0461123878 -0.0327933693 -0.9983978378 238.773419
145 -0.9657044253 0.2570223399 0.0368032572 3400.59718 0.2552303346 0.9657281416 -0.0471872101 -2944.512875 -0.0476701083 -0.03617559 -0.9982078378 238.7549621
146 -0.9778706089 0.2053518411 0.0399961702 3400.130437 0.2033674303 0.9778937715 -0.0486359942 -2944.392052 -0.0490994967 -0.0394257909 -0.998015454 238.7370957
147 -0.9871891704 0.1534575543 0.043684332 3399.657157 0.151264902 0.9872413656 -0.0497334451 -2944.294882 -0.0507589524 -0.0424884123 -0.9978067266 238.7180215
148 -0.9938333727 0.1018779893 0.0437733104 3399.181959 0.0996420744 0.993738767 -0.0505442381 -2944.225222 -0.0486485808 -0.0458708872 -0.9977620845 238.6982566
149 -0.9977884132 0.0521764986 0.0411812522 3398.699087 0.0501553421 0.9975546145 -0.0486747642 -2944.180342 -0.043620227 -0.046501656 -0.997965366 238.6797047
150 -0.9992914328 0.0040720615 0.0374172503 3398.220453 0.0022643217 0.99883374 -0.0482289614 -2944.165297 -0.0375700034 -0.0481100632 -0.9981352196 238.6608082
151 -0.9984686881 -0.0443477633 0.0330689387 3397.737008 -0.0459046082 0.9977963515 -0.0479083269 -2944.161698 -0.0308714392 -0.049352981 -0.9983041809 238.6391532
152 -0.9954466538 -0.0906440474 0.0294892534 3397.252822 -0.0919808035 0.9946192041 -0.0476672914 -2944.183799 -0.0250098215 -0.0501626909 -0.9984278708 238.6173185
153 -0.9905097991 -0.1342383149 0.0295027579 3396.766677 -0.1354566217 0.989799871 -0.0441329687 -2944.237162 -0.0232774907 -0.0477104819 -0.99858994 238.5996376
154 -0.9838337599 -0.1762973442 0.0314702938 3396.279769 -0.177521961 0.9832357432 -0.0416344404 -2944.308915 -0.0236026764 -0.0465480363 -0.9986371683 238.5858443
155 -0.9756007771 -0.2164423214 0.0368218039 3395.792311 -0.2177683866 0.9753033333 -0.0368827579 -2944.402958 -0.0279294383 -0.0440014721 -0.998640985 238.5788216
156 -0.9664602772 -0.253423796 0.0416042332 3395.30776 -0.2547646083 0.9665113241 -0.0308359335 -2944.520846 -0.0323964032 -0.040400991 -0.9986582163 238.5740106
157 -0.95661896 -0.2879436191 0.0443693314 3394.827443 -0.2892195085 0.9569219797 -0.0255421347 -2944.656747 -0.0351032937 -0.0372665666 -0.998688621 238.564564
158 -0.9461951402 -0.3204015173 0.0453610449 3394.351108 -0.3216191852 0.9466009476 -0.0225332121 -2944.805529 -0.0357191328 -0.0359097981 -0.9987164913 238.5535964
159 -0.9357966842 -0.3497389485 0.0443535099 3393.879875 -0.3509041444 0.9361593555 -0.0217242382 -2944.969827 -0.033924141 -0.0358933006 -0.9987796672 238.5404998
160 -0.925615597 -0.3761824469 0.0415034131 3393.41254 -0.3772009771 0.9259155164 -0.0199969833 -2945.150011 -0.03090614 -0.0341646476 -0.99893823 238.5245671
161 -0.9157889857 -0.399881626 0.0377520698 3392.949079 -0.4007121618 0.9160363325 -0.0175271477 -2945.346036 -0.0275734833 -0.0311788823 -0.9991334147 238.5066024
162 -0.9063759688 -0.4211059998 0.0339461344 3392.488182 -0.4217903058 0.9065503019 -0.0161086319 -2945.553539 -0.0239904369 -0.0289186272 -0.9992938366 238.4882826
163 -0.8976808318 -0.439540712 0.0311943372 3392.028096 -0.4401411077 0.8977908821 -0.0157269601 -2945.77179 -0.0210933522 -0.0278477008 -0.9993896017 238.473295
164 -0.8896954264 -0.4555257406 0.0306324655 3391.567797 -0.4561069173 0.8897906129 -0.0154643222 -2945.999653 -0.0202120835 -0.0277302161 -0.99941108 238.4638877
165 -0.882347695 -0.4695560041 0.0313002252 3391.107666 -0.4701324991 0.8824807106 -0.0142558311 -2946.236843 -0.0209279339 -0.0272938528 -0.9994083586 238.4558442
166 -0.8755769348 -0.4820738307 0.0311424625 3390.649862 -0.4826340289 0.8757167454 -0.0135858756 -2946.482081 -0.0207225808 -0.0269258915 -0.9994226188 238.4479078
167 -0.8692069929 -0.4935441889 0.0298887453 3390.195655 -0.4940757825 0.8693099586 -0.0137592499 -2946.73404 -0.0191917861 -0.0267269415 -0.9994585264 238.4390941
168 -0.8637098689 -0.5032141344 0.0279427498 3389.744011 -0.5037011122 0.8637629853 -0.0140959145 -2946.992102 -0.0170426496 -0.0262495746 -0.999510134 238.4318364
169 -0.8593028218 -0.5108443252 0.0252336253 3389.294915 -0.5112505413 0.8593286413 -0.013310529 -2947.257927 -0.0148843688 -0.0243384797 -0.9995929641 238.4230056
170 -0.8559448968 -0.5165859817 0.0222992638 3388.846736 -0.5169130778 0.8559462811 -0.0125233319 -2947.52886 -0.0126175942 -0.0222460632 -0.999672901 238.4124352
171 -0.8533081773 -0.5210220896 0.0200283943 3388.397556 -0.521284697 0.8533101667 -0.0111366135 -2947.802488 -0.0112880109 -0.0199434588 -0.9997373851 238.4013958
172 -0.851464857 -0.52404226 0.0196801158 3387.945523 -0.524280328 0.8514918213 -0.0095820616 -2948.08111 -0.0117360525 -0.0184766863 -0.9997604099 238.3940605
173 -0.8501787953 -0.5260473062 0.0216851931 3387.490109 -0.5262952149 0.8502684426 -0.0075446856 -2948.362256 -0.0144693739 -0.0178271451 -0.9997363803 238.3909891
174 -0.8493976902 -0.5272331592 0.0234256234 3387.035782 -0.5274966198 0.8495320396 -0.0065291466 -2948.644351 -0.0164584351 -0.0179027792 -0.9997042615 238.3895315
175 -0.8486949711 -0.5283746545 0.0231747817 3386.581139 -0.5285814014 0.8488755959 -0.0034532153 -2948.930234 -0.0178479152 -0.0151804851 -0.9997254647 238.384243
176 -0.8483363626 -0.529044698 0.0209074947 3386.129194 -0.5291687483 0.8485164756 -0.0004758389 -2949.218618 -0.0174886137 -0.0114672642 -0.9997813012 238.3771259
177 -0.8480491461 -0.5297414794 0.0136605594 3385.681119 -0.5297675485 0.848140681 0.0019312515 -2949.507419 -0.0126091401 -0.0055991249 -0.9999048252 238.3671025
178 -0.8480101588 -0.5299403044 0.0064841586 3385.230055 -0.5299542228 0.8480260924 -0.0005180486 -2949.793293 -0.0052242009 -0.0038756177 -0.9999788434 238.3556528
179 -0.8479939157 -0.5299990578 0.002705115 3384.773006 -0.5300058976 0.8479802685 -0.0048179687 -2950.076422 0.0002596347 -0.0055193351 -0.9999847346 238.3454641
180 -0.8482047556 -0.5296684554 0.0001409959 3384.311982 -0.5296597185 0.8481891736 -0.0059756448 -2950.363842 0.0030455194 -0.0051432502 -0.9999821357 238.3361832
181 -0.8485511019 -0.5291074068 -0.0025257728 3383.850768 -0.5290956702 0.8485520609 -0.0041438931 -2950.658473 0.0043358143 -0.0021799296 -0.9999882242 238.330396
182 -0.8485690604 -0.529064539 -0.0046112038 3383.389463 -0.5290770107 0.8485713907 0.0020277153 -2950.957823 0.0028401434 0.0041603384 -0.9999873125 238.3330006
183 -0.8486227748 -0.5289817721 -0.0042036811 3382.926444 -0.5289984507 0.8485983311 0.0064429533 -2951.256713 0.0001590319 0.0076913777 -0.9999704083 238.3413134
184 -0.8485738763 -0.5290756306 -0.0011634556 3382.457058 -0.5290736721 0.8485589384 0.0053644634 -2951.546333 -0.0018509462 0.0051676972 -0.9999849343 238.3439332
185 -0.8485670431 -0.5290874155 0.0006929185 3381.987304 -0.5290836023 0.8485647317 0.0029048136 -2951.832876 -0.0021248865 0.0020983172 -0.999995541 238.3442719
186 -0.8486617648 -0.5289350541 0.0009579059 3381.519348 -0.5289339965 0.8486621704 0.0011609635 -2952.121927 -0.0014270128 0.0004785964 -0.9999988673 238.3444401
187 -0.8489289707 -0.5285066946 0.0005257121 3381.052144 -0.5285035659 0.848926668 0.0027373751 -2952.417362 -0.0018930121 0.0020459963 -0.9999961152 238.3457585
188 -0.8490430959 -0.5283218617 0.0013533898 3380.582938 -0.5283104709 0.8490372748 0.0048736324 -2952.71484 -0.0037239249 0.0034229139 -0.9999872079 238.347137
189 -0.848681924 -0.5288919969 0.003499651 3380.110284 -0.5288715609 0.8486847775 0.0053870775 -2953.007327 -0.0058192827 0.0027210494 -0.9999793657 238.3448326
190 -0.848647637 -0.5289124694 0.0069848369 3379.633824 -0.5289117189 0.8486742371 0.0021054271 -2953.297334 -0.0070414378 -0.0019075963 -0.9999733893 238.3442878
191 -0.8486555383 -0.5288811083 0.0082795247 3379.159374 -0.5289044566 0.8486810301 -0.0007648433 -2953.58699 -0.0066221644 -0.005028166 -0.9999654316 238.3478693
192 -0.8486067045 -0.5289926791 0.0057798382 3378.68945 -0.5290078559 0.8486157751 -0.001398107 -2953.881209 -0.0041652735 -0.0042440228 -0.9999823192 238.3490243
193 -0.8486753941 -0.5289100781 0.0020505743 3378.218979 -0.5289127897 0.8486754625 -0.0011046232 -2954.17917 -0.0011560257 -0.0020220415 -0.9999972875 238.3422762
194 -0.8488338246 -0.5286523631 -0.0027959179 3377.748952 -0.5286581562 0.848832397 0.0020287127 -2954.481197 0.0013007819 0.0032001247 -0.9999940336 238.3329806
195 -0.8487751292 -0.528751628 -0.0015798631 3377.271171 -0.5287539832 0.8487717442 0.0023982381 -2954.779426 7.28709e-05 0.0028709238 -0.9999958762 238.3276694
196 -0.8488519743 -0.5286067223 0.0050258186 3376.784545 -0.5286068613 0.8488655961 0.0014092348 -2955.074771 -0.0050111755 -0.0014604504 -0.9999863775 238.3343259
197 -0.8493168452 -0.5278087291 0.0088793017 3376.298807 -0.5277936646 0.8493624676 0.0041528537 -2955.379441 -0.009733658 -0.0011593506 -0.9999519547 238.339526
198 -0.8497413783 -0.5271619232 0.0063163796 3375.817864 -0.5271125211 0.8497577359 0.0080112646 -2955.687065 -0.0095906261 0.0034780602 -0.9999479601 238.3380968
199 -0.850064084 -0.526670772 0.0029918062 3375.337366 -0.5266096894 0.8500304009 0.0114259626 -2955.995749 -0.0085608467 0.0081372863 -0.9999302458 238.3342826
200 -0.8500150918 -0.526745929 -0.0036152342 3374.855044 -0.5267575428 0.8499818891 0.0075683072 -2956.295819 -0.0009136914 0.0083375272 -0.9999648248 238.3264548
201 -0.8499188897 -0.5268638016 -0.0072398612 3374.366543 -0.5268862397 0.8499344944 0.0014985117 -2956.593439 0.0053638962 0.0050881966 -0.9999726691 238.3183633
202 -0.8499778135 -0.5267133245 -0.0105257045 3373.874994 -0.5267035305 0.8500400755 -0.0039065203 -2956.892155 0.011004887 0.0022234702 -0.9999369723 238.3134327
203 -0.8502410297 -0.5262361671 -0.0128719806 3373.383068 -0.5262341898 0.8503311297 -0.0038141072 -2957.199325 0.0129525669 0.0035307659 -0.9999098783 238.3117854
204 -0.8504697051 -0.525793967 -0.0155558636 3372.891155 -0.5258062415 0.850596667 -0.003620291 -2957.507727 0.0151352929 0.0051004224 -0.9998724462 238.3162835
205 -0.8507085349 -0.5254148342 -0.0153049213 3372.395898 -0.5254384651 0.8508271345 -0.0027579959 -2957.817287 0.0144709343 0.0056955437 -0.9998790691 238.3269936
206 -0.8507337348 -0.5253833355 -0.0149821 3371.896345 -0.5253882261 0.850853576 -0.0039248149 -2958.123931 0.0148096058 0.0045324465 -0.9998800591 238.3366951
207 -0.8509007777 -0.5251201024 -0.0147222508 3371.395442 -0.5251029494 0.8510220945 -0.005318578 -2958.432395 0.015321853 0.0032051152 -0.9998774765 238.344503
208 -0.8509444985 -0.5250568216 -0.0144497236 3370.892518 -0.5250371606 0.8510619975 -0.0054273713 -2958.743954 0.015147289 0.0029682501 -0.9998808675 238.3524013
209 -0.8509394308 -0.5250937499 -0.0133655872 3370.386439 -0.5250668959 0.8510416883 -0.0057270846 -2959.055125 0.0143819282 0.0021444253 -0.9998942752 238.3630047
210 -0.8511143062 -0.5248394262 -0.0121661219 3369.880093 -0.5248005109 0.8512007873 -0.0064531772 -2959.367483 0.0137426943 0.0008923955 -0.9999051665 238.3735349
211 -0.8511848359 -0.5247309982 -0.0119060764 3369.370894 -0.5246696928 0.8512678898 -0.0080432138 -2959.679998 0.0143557841 -0.0005995042 -0.9998967707 238.3839711
212 -0.8512455658 -0.5245951906 -0.0134488908 3368.860624 -0.5245095296 0.8513511312 -0.0095396468 -2959.99341 0.0164541812 -0.0010665107 -0.999864052 238.3931025
213 -0.85132283 -0.5244433905 -0.0144419243 3368.348272 -0.5243279248 0.851443107 -0.0111742062 -2960.308275 0.0181567155 -0.0019405527 -0.9998332701 238.4010584
214 -0.8513490346 -0.5243766661 -0.0152948792 3367.833063 -0.5242302646 0.8514818243 -0.0127016752 -2960.624483 0.0196837738 -0.0027955204 -0.9998023475 238.4089856
215 -0.8513377931 -0.5243973095 -0.0152126203 3367.314988 -0.5242362136 0.8514665893 -0.0134550988 -2960.942172 0.0200088555 -0.0034798277 -0.999793747 238.4183933
216 -0.8513834692 -0.5243397492 -0.0146292769 3366.794361 -0.524137963 0.8514907131 -0.0155872119 -2961.26034 0.0206296882 -0.0056029351 -0.9997714854 238.4319435
217 -0.8515065378 -0.5241874324 -0.0128121715 3366.270193 -0.5239859498 0.8515738674 -0.0161453614 -2961.581583 0.019373706 -0.0070344829 -0.9997875652 238.4463945
218 -0.8515973883 -0.5240665288 -0.0116688326 3365.743866 -0.5238500075 0.8516328777 -0.0173957286 -2961.903072 0.0190540806 -0.008701439 -0.9997805894 238.4592097
219 -0.8516180134 -0.5240533149 -0.0107183194 3365.215272 -0.5238472421 0.851636746 -0.0172892956 -2962.227108 0.0181886273 -0.0091091135 -0.9997930775 238.4706672
220 -0.8516610805 -0.5240189492 -0.0088059536 3364.682092 -0.5238664087 0.8516667551 -0.0150905281 -2962.556302 0.0154074606 -0.0082388722 -0.9998473539 238.4827906
221 -0.8516737775 -0.5240213738 -0.007305921 3364.147186 -0.5238835078 0.8516583958 -0.0149682034 -2962.883714 0.0140658075 -0.0089205748 -0.9998612786 238.4955711
222 -0.8516200857 -0.5241320133 -0.0053723617 3363.607553 -0.5239885019 0.8515592863 -0.0168176035 -2963.210474 0.0133895289 -0.0115071532 -0.9998441408 238.5090409
223 -0.8515475001 -0.5242565068 -0.0046872376 3363.067538 -0.5240743169 0.8514323857 -0.0202238213 -2963.536682 0.0145933358 -0.0147650836 -0.9997844902 238.5187121
224 -0.8514032061 -0.5244843722 -0.0053594738 3362.526481 -0.5242448136 0.8512514286 -0.0232030322 -2963.866645 0.0167318875 -0.0169454597 -0.9997164075 238.5243824
225 -0.8510539041 -0.5250550109 -0.0049485122 3361.983006 -0.5247816748 0.8508520591 -0.0255923299 -2964.198722 0.0176478328 -0.0191835638 -0.9996602147 238.5315413
226 -0.8503827844 -0.5261566655 -0.0028780787 3361.435269 -0.525900798 0.8501169842 -0.0270085885 -2964.533074 0.0166574525 -0.0214540548 -0.9996310583 238.5418475
227 -0.8494024221 -0.5277455825 0.0003542582 3360.88658 -0.527554269 0.8490760432 -0.027502111 -2964.870384 0.0142133254 -0.0235472501 -0.9996216826 238.5549643
228 -0.8482034911 -0.5296625331 0.002904948 3360.336192 -0.5295225707 0.8478242379 -0.0282826587 -2965.21012 0.0125173793 -0.0255276854 -0.9995957445 238.5691561
229 -0.8467049489 -0.5320411313 0.0047920866 3359.783696 -0.5319373322 0.8462755729 -0.0293313719 -2965.551395 0.0115500705 -0.0273841075 -0.9995582557 238.5805209
230 -0.8447396417 -0.5351482445 0.0055941115 3359.23075 -0.5350411996 0.8442425102 -0.0313926543 -2965.895023 0.0120769371 -0.0295116997 -0.9994914743 238.5887676
231 -0.8416537273 -0.5399840185 0.0060218783 3358.676904 -0.5398459554 0.8410527682 -0.0345916975 -2966.241776 0.0136142464 -0.0323651178 -0.9993833856 238.5962819
232 -0.8370454596 -0.5471072783 0.0053408347 3358.124826 -0.5469086928 0.8363822015 -0.0368197597 -2966.592741 0.0156773795 -0.0337407616 -0.9993076507 238.6033959
233 -0.8313307061 -0.5557610468 0.0043492461 3357.574373 -0.5555056661 0.8306528335 -0.0378064164 -2966.951094 0.01739862 -0.0338456657 -0.9992756171 238.6115488
234 -0.824706953 -0.5655489439 0.0035824301 3357.027066 -0.5652492333 0.8240267743 -0.0383820203 -2967.316538 0.0187548927 -0.0336788849 -0.9992567171 238.6226794
235 -0.8170746106 -0.5765229453 0.0032209107 3356.482002 -0.5761772905 0.8163633198 -0.039631552 -2967.689055 0.0202190657 -0.0342377505 -0.9992091702 238.6338188
236 -0.8081713516 -0.5889409831 0.0027540762 3355.940042 -0.5885417049 0.8074322378 -0.0408881773 -2968.068469 0.0218569934 -0.0346655422 -0.9991599332 238.6467531
237 -0.7980923577 -0.6025295167 0.0026019361 3355.404192 -0.6020881722 0.7973265941 -0.0419539665 -2968.458804 0.0232039103 -0.0350497351 -0.9991161567 238.6615157
238 -0.7868023933 -0.617201198 0.0021621874 3354.875016 -0.6167273771 0.7860509329 -0.0420864965 -2968.858853 0.0242762466 -0.0344472363 -0.9991116313 238.6754257
239 -0.7748249056 -0.6321731224 0.0018732573 3354.35009 -0.6316791457 0.774095217 -0.0419291302 -2969.27098 0.0250563896 -0.0336710319 -0.9991188312 238.6909755
240 -0.7627078496 -0.6467392556 0.0022519721 3353.831111 -0.646251961 0.7619882508 -0.0416210113 -2969.694792 0.0252019656 -0.0332000135 -0.9991309324 238.7088198
241 -0.7503231059 -0.6610667554 0.0024457373 3353.320543 -0.6606064232 0.7496516385 -0.0402687795 -2970.128835 0.0247869005 -0.0318302655 -0.9991858905 238.727643
242 -0.737566848 -0.6752708734 0.0020957515 3352.817736 -0.6748347476 0.7369714491 -0.0383555298 -2970.57529 0.0243558631 -0.0297040531 -0.9992619582 238.7436278
243 -0.7246780611 -0.6890832903 0.0024344994 3352.320505 -0.6886558914 0.7240945092 -0.0379500335 -2971.031185 0.0243879263 -0.0291780891 -0.9992766725 238.7608298
244 -0.7116884408 -0.7024916898 0.0022336044 3351.831346 -0.7020648392 0.7111375294 -0.0372609163 -2971.497081 0.0245870842 -0.0280862985 -0.9993030747 238.7782938
245 -0.6993062932 -0.714821514 0.0009546521 3351.34947 -0.7143375972 0.6987824679 -0.0377473152 -2971.974191 0.0263154988 -0.027078879 -0.9992868601 238.7961427
246 -0.6878731856 -0.7258294897 -0.0014256366 3350.876376 -0.7252806813 0.6874268879 -0.0375793443 -2972.460651 0.0282562172 -0.0248158366 -0.99929263 238.8111473
247 -0.677866807 -0.7351700062 -0.0046533871 3350.411125 -0.7345673004 0.6775432984 -0.0366873271 -2972.958468 0.0301242937 -0.0214508953 -0.9993159591 238.8269309
248 -0.6697187186 -0.7425793568 -0.0072620088 3349.948728 -0.7419617877 0.6695077812 -0.0353841285 -2973.466652 0.0311374948 -0.0183092801 -0.9993474004 238.8450278
249 -0.6633271108 -0.7482511234 -0.0108351484 3349.49251 -0.7476831428 0.6632863314 -0.0319556012 -2973.983375 0.0310976203 -0.0130957588 -0.9994305574 238.8639654
250 -0.6586044294 -0.7523702102 -0.0133892621 3349.039287 -0.751909611 0.6586911583 -0.0275298898 -2974.508366 0.0295320576 -0.0080637925 -0.9995313066 238.8852739
251 -0.6550545649 -0.7554483461 -0.0141884957 3348.585201 -0.7550637954 0.6551853173 -0.0247156805 -2975.035592 0.027967514 -0.0054769 -0.9995938284 238.906534
252 -0.6519229624 -0.758135392 -0.0150724401 3348.130174 -0.7577736468 0.6520844491 -0.0237691303 -2975.564614 0.0278487227 -0.004074144 -0.9996038465 238.9267311
253 -0.6495189838 -0.7601690462 -0.0163740904 3347.676818 -0.7598094775 0.6497190647 -0.0235519629 -2976.098283 0.0285420319 -0.0028562579 -0.9995885124 238.946223
254 -0.6474670394 -0.7618277173 -0.020123672 3347.225642 -0.7615093837 0.6477788406 -0.0220461409 -2976.638502 0.0298310501 0.0010502154 -0.9995544035 238.9616308
255 -0.6454181729 -0.7634959061 -0.0225695247 3346.772576 -0.7632695889 0.6457945998 -0.0192059753 -2977.183143 0.0292389607 0.0048307463 -0.9995607771 238.9791068
256 -0.6438397839 -0.7648221265 -0.0227474705 3346.315295 -0.7646597492 0.6442093697 -0.0170222165 -2977.73005 0.0276731015 0.0064344949 -0.9995963169 238.999352
257 -0.6428863758 -0.7656262959 -0.0226601586 3345.856879 -0.7655032769 0.6432437269 -0.015564087 -2978.277792 0.0264922792 0.0073404862 -0.9996220668 239.020901
258 -0.6422689983 -0.7661072195 -0.0238801602 3345.398779 -0.7660062211 0.6426554501 -0.0151142875 -2978.828959 0.0269258799 0.008584913 -0.9996005684 239.0404932
259 -0.6418739676 -0.7663280869 -0.0271858956 3344.940812 -0.7663302914 0.6423230753 -0.0126075967 -2979.383442 0.0271236835 0.0127408872 -0.9995508869 239.0561716
260 -0.6420446343 -0.7660995181 -0.029499423 3344.480917 -0.7662122961 0.6425138379 -0.009730637 -2979.942043 0.0264084238 0.0163553174 -0.9995174329 239.0715519
261 -0.6433324117 -0.7649538161 -0.0311298471 3344.018565 -0.7652394953 0.6437335519 -0.0039533443 -2980.505302 0.0230634528 0.0212784739 -0.9995075306 239.0920283
262 -0.646406624 -0.7623420331 -0.0315135056 3343.552165 -0.7627352185 0.6467105047 0.0007138724 -2981.068905 0.0198359002 0.0244979124 -0.9995030712 239.1116185
263 -0.6508745223 -0.7584542532 -0.0333091892 3343.083993 -0.7589717059 0.6511055345 0.0048510522 -2981.630628 0.0180084963 0.0284381585 -0.999433322 239.1285201
264 -0.6563442176 -0.7536179874 -0.0356678727 3342.61354 -0.754270541 0.6565081446 0.0085444237 -2982.191199 0.0169770175 0.0325113088 -0.9993271715 239.1428774
265 -0.6622986081 -0.7484228796 -0.0349820951 3342.136816 -0.7490763639 0.6624075614 0.0100410967 -2982.746621 0.0156574178 0.0328544649 -0.9993374952 239.1562538
266 -0.6683706936 -0.7430188798 -0.0346923634 3341.655689 -0.7436663611 0.668471271 0.0103200417 -2983.294455 0.0155228624 0.032697157 -0.9993447537 239.1685288
267 -0.675024243 -0.7368151769 -0.0380219197 3341.173411 -0.7375957609 0.6751439568 0.0115382437 -2983.838947 0.0171687162 0.035833401 -0.9992102895 239.1808414
268 -0.682201097 -0.7299472612 -0.0421741523 3340.690045 -0.7309350806 0.6822966328 0.0143252524 -2984.380986 0.0183186034 0.0405992703 -0.9990075716 239.1914053
269 -0.6889269579 -0.7235768289 -0.0426171266 3340.197921 -0.7246092164 0.6889785346 0.0158133584 -2984.915539 0.0179201057 0.0417750116 -0.9989663249 239.2034518
270 -0.6952004915 -0.7177291029 -0.0395121684 3339.697783 -0.7186707343 0.695113849 0.01814146 -2985.442268 0.0144448016 0.041008191 -0.9990543909 239.2195292
271 -0.7020229059 -0.7112954048 -0.0349669362 3339.194694 -0.7120935832 0.7017578093 0.0214174176 -2985.96365 0.0093042098 0.0399352487 -0.9991589501 239.2376665
272 -0.7085617583 -0.7048878095 -0.0327629478 3338.69144 -0.7056097154 0.708247106 0.0223822785 -2986.477433 0.0074272677 0.0389770809 -0.9992125014 239.2497107
273 -0.7143995108 -0.6989983154 -0.0321666602 3338.187464 -0.6996946958 0.7141117749 0.0217187848 -2986.98016 0.0077891968 0.0380227308 -0.9992465163 239.2606968
274 -0.7196068291 -0.6936131715 -0.0326615971 3337.681303 -0.6943190562 0.7193774827 0.0204226742 -2987.479415 0.0093305817 0.0373738651 -0.9992577918 239.2696811
275 -0.7237591927 -0.6893560334 -0.0309982278 3337.171224 -0.689956937 0.7236763919 0.0158715103 -2987.965895 0.0114915642 0.0328745938 -0.9993934185 239.2761808
276 -0.7268001481 -0.6862047239 -0.0297425892 3336.661069 -0.6867213786 0.7268182008 0.0122086524 -2988.445683 0.0132398202 0.0292981223 -0.99948303 239.2838316
277 -0.7294554956 -0.6834779963 -0.0274318905 3336.153077 -0.6838991986 0.7295101788 0.0098379494 -2988.921521 0.0132878214 0.0259369942 -0.9995752629 239.2955756
278 -0.7308973479 -0.6819774033 -0.0263796934 3335.647216 -0.6823809448 0.7309199351 0.010596915 -2989.395445 0.0120545872 0.0257462571 -0.9995958269 239.307647
279 -0.7314342343 -0.6814411161 -0.0253370523 3335.144377 -0.6818155682 0.7314506246 0.0103689271 -2989.864092 0.0114669895 0.0248593849 -0.9996251893 239.3202773
280 -0.7310554092 -0.6819142733 -0.0234715264 3334.644911 -0.6822520288 0.7310306969 0.0112378557 -2990.330961 0.0094951521 0.0242289917 -0.9996613417 239.3312235
281 -0.7300169514 -0.6830831518 -0.021740706 3334.147511 -0.6833501405 0.7300466107 0.0080331583 -2990.792915 0.0103844137 0.0207208562 -0.999731369 239.3424823
