1 0.5468089627 0.8371904456 -0.010588489 3003.497994 0.8354452932 -0.5464134536 -0.0588515064 367.7072528 -0.0550556117 0.0233344279 -0.9982105911 128.1750506
4 0.5403354193 0.8413834796 -0.0105581717 3003.60452 0.8396314785 -0.53994982 -0.0589336254 367.8717451 -0.0552866617 0.0229789519 -0.9982060673 128.1663114
6 0.5283768568 0.8489751098 -0.0076915616 3003.706349 0.8474027357 -0.5279121476 -0.0567218481 368.0340717 -0.0522159061 0.0234526615 -0.9983603918 128.1509377
8 0.5101733891 0.8600660218 -0.0030904983 3003.843798 0.8586096587 -0.5095123484 -0.0564501629 368.2697655 -0.0501255141 0.0261458392 -0.998400635 128.1303385
10 0.4874334435 0.8731268192 -0.0076286146 3004.030158 0.8716069372 -0.4870686939 -0.0553663661 368.577813 -0.0520575185 0.020338265 -0.9984369633 128.1141921
11 0.4743401909 0.8802731035 -0.0109839185 3004.135404 0.8787958388 -0.474209501 -0.0533218794 368.7551773 -0.0521464948 0.0156400886 -0.9985169657 128.1054032
12 0.4614777923 0.8870654756 -0.0123729242 3004.243322 0.8856142944 -0.4614539672 -0.052417151 368.9523261 -0.0522069799 0.0132317126 -0.9985486233 128.0935661
13 0.4487672482 0.893585624 -0.0106155329 3004.351295 0.8921610072 -0.4486737079 -0.0523511317 369.1682318 -0.0515431292 0.0140227088 -0.9985723156 128.0784039
14 0.4363572608 0.8997463901 -0.0069838706 3004.460655 0.8983180222 -0.4360795905 -0.053472626 369.4011763 -0.0511573256 0.0170594318 -0.9985448932 128.0584584
15 0.4243011088 0.9055104478 -0.0044043157 3004.574574 0.9040171613 -0.4238715817 -0.0555504672 369.6501316 -0.0521683927 0.0195885479 -0.9984461666 128.0388269
16 0.4113516261 0.9114677212 -0.0040537506 3004.696155 0.9098063618 -0.4108628511 -0.0586864687 369.9126253 -0.0551563574 0.0204526462 -0.9982682332 128.0209639
17 0.3981756066 0.9172482077 -0.0105788387 3004.827796 0.915375642 -0.3980582749 -0.0603079083 370.1869091 -0.0595283151 0.0143295267 -0.998123762 128.0098726
18 0.3865490646 0.9220409666 -0.0205006499 3004.965516 0.9199050857 -0.387053529 -0.0629618859 370.4772922 -0.065988287 0.005479206 -0.9978053539 128.0006685
19 0.3764337846 0.9260404313 -0.0273262773 3005.101732 0.9236734246 -0.3774241769 -0.0661694448 370.784372 -0.0715891789 -0.0003321416 -0.9974341478 127.9904715
20 0.3679356905 0.9294148888 -0.0284831887 3005.232692 0.9269555325 -0.3690333411 -0.067585752 371.1065756 -0.0733264504 -0.001535439 -0.9973068104 127.9742529
21 0.3626587112 0.9315773134 -0.0253449862 3005.361382 0.9290605569 -0.3635410366 -0.0684426502 371.4455421 -0.0729735627 0.0012742963 -0.9973330614 127.9500636
22 0.3595330508 0.9329281124 -0.0195223597 3005.490175 0.9304571065 -0.3600068994 -0.0681513413 371.8004983 -0.0706084863 0.0063379413 -0.9974839709 127.9230367
23 0.3572073911 0.933860584 -0.0175296721 3005.630035 0.9316107351 -0.3575698558 -0.0651554794 372.1713612 -0.0671142163 0.0069431881 -0.9977211405 127.8914423
24 0.3549800988 0.9346561489 -0.020174557 3005.783122 0.9326618883 -0.3555413412 -0.0610913813 372.5593826 -0.0642723243 0.0028701841 -0.9979282692 127.8562342
25 0.3529273025 0.9351492491 -0.0306300663 3005.953137 0.9334544844 -0.3541518618 -0.0569138328 372.9660481 -0.064070623 -0.0085053272 -0.9979091215 127.8205378
26 0.3519016604 0.935254629 -0.0382622566 3006.128946 0.9338406812 -0.3535811067 -0.0540553712 373.391865 -0.0640843472 -0.0167086769 -0.9978045984 127.7844341
27 0.3526574733 0.9349517718 -0.0387025949 3006.299198 0.9335156238 -0.3543714967 -0.0544924072 373.839971 -0.0646628691 -0.0169123224 -0.9977638432 127.7550035
28 0.3562228709 0.9338406438 -0.0323561176 3006.466456 0.9320802515 -0.3575640512 -0.0580891902 374.3120196 -0.0658154313 -0.0094658001 -0.9977869149 127.728271
29 0.3619489155 0.9318130019 -0.0267864162 3006.63989 0.9297971803 -0.3629286114 -0.0613190548 374.8028437 -0.0668594494 -0.0027115688 -0.997758719 127.6980509
30 0.3669389469 0.9298790783 -0.0260903998 3006.832816 0.9278571834 -0.3678613507 -0.0613112865 375.3045723 -0.0666097322 -0.0017106659 -0.9977776392 127.6570937
31 0.3707237463 0.9282513878 -0.0302202756 3007.048836 0.9264524267 -0.3718975023 -0.0581218446 375.8144509 -0.0651905279 -0.0064504997 -0.9978519861 127.609133
32 0.3763215695 0.9257811793 -0.036211662 3007.27239 0.924105815 -0.3778683542 -0.0569556813 376.3452092 -0.0664117389 -0.0120297561 -0.9977197833 127.5680009
33 0.3825696285 0.9232647063 -0.0349680072 3007.496414 0.9212790078 -0.3840631875 -0.0611592826 376.8993003 -0.0698961314 -0.008817607 -0.9975153035 127.5326521
34 0.3888297441 0.9207549689 -0.0319643125 3007.726364 0.9183108011 -0.3901278017 -0.0671235494 377.4721666 -0.0742745086 -0.0032535409 -0.9972325265 127.4939547
35 0.3952717177 0.9181640229 -0.0271126585 3007.966692 0.9153788123 -0.3961853659 -0.0715456906 378.0595742 -0.0764323177 0.0034616349 -0.9970687629 127.4426342
36 0.4022018347 0.9151777364 -0.0261418251 3008.22008 0.9122401638 -0.4030100553 -0.0734899922 378.6588918 -0.0777918231 0.0057101869 -0.9969532717 127.3904098
37 0.4101608632 0.9116214398 -0.0267285762 3008.490099 0.908499695 -0.4109752703 -0.0756811158 379.2724592 -0.0799773115 0.0067585284 -0.9967737717 127.3411944
38 0.4206375421 0.9068551034 -0.026036122 3008.770462 0.9035218948 -0.421337945 -0.078246544 379.8973899 -0.0819282839 0.0093892276 -0.9965939989 127.2876845
39 0.4344351307 0.9003835613 -0.0239908279 3009.060812 0.8966805456 -0.434855996 -0.0828508416 380.5323813 -0.0850300912 0.0144812076 -0.9962731444 127.2287576
40 0.4509853123 0.892236384 -0.0229452207 3009.365154 0.8882276457 -0.451183922 -0.086514264 381.1722673 -0.0875436888 0.018636083 -0.9959863448 127.1702209
41 0.4684402551 0.8831388014 -0.0250915286 3009.690243 0.8788745642 -0.4687031768 -0.0888641239 381.8106472 -0.090239835 0.0195752266 -0.9957276649 127.1138624
42 0.486514525 0.873269416 -0.0265357116 3010.032795 0.8689310882 -0.486810977 -0.0892963415 382.4483159 -0.0908976397 0.0203862624 -0.9956515552 127.0521341
43 0.5043989501 0.8630716979 -0.0262477308 3010.390254 0.8587265542 -0.5045779453 -0.0893856932 383.0870726 -0.0903902881 0.0225464264 -0.9956511711 126.9859865
44 0.5217939093 0.8526778068 -0.0259166748 3010.76291 0.8482471633 -0.5218299302 -0.0903895678 383.7258113 -0.0905972751 0.02518098 -0.99556921 126.9198281
45 0.5381206766 0.8424852216 -0.0253926936 3011.154141 0.8380914494 -0.53803109 -0.0901402725 384.3612721 -0.089603906 0.0272249451 -0.9956053146 126.855496
46 0.5538866295 0.8322883081 -0.0224894182 3011.558207 0.8281032112 -0.5535004593 -0.0887823922 384.9946435 -0.0863404503 0.0305518206 -0.9957971244 126.7900411
47 0.5697106187 0.8216361738 -0.0185420814 3011.977278 0.8176154804 -0.5689202415 -0.0885137565 385.6287438 -0.0832750696 0.0352669342 -0.9959023577 126.7210935
48 0.5847788627 0.8110605837 -0.0146427914 3012.411061 0.8070816243 -0.5835354289 -0.0900314111 386.2600821 -0.0815655164 0.0408305383 -0.9958312777 126.6513504
49 0.598424178 0.8010995357 -0.0113153467 3012.856237 0.7968620788 -0.5966042852 -0.0952583549 386.8904928 -0.0830622082 0.047988132 -0.9953882703 126.5897306
50 0.6111381314 0.791493546 -0.0069390904 3013.312675 0.7869222496 -0.6085057355 -0.1023432609 387.5194597 -0.0852265068 0.0570853446 -0.9947249399 126.5308311
51 0.6228479822 0.7823292452 -0.0046198667 3013.778313 0.7778639248 -0.6199023206 -0.1031931559 388.1340839 -0.0835948899 0.0606800213 -0.9946506067 126.4700757
52 0.6323690177 0.7746622267 -0.002803547 3014.251336 0.7701600095 -0.6290753823 -0.1054406143 388.7337519 -0.0834445034 0.064518198 -0.9944216495 126.4050943
53 0.6401597772 0.768239014 -0.0020681085 3014.725513 0.7638290794 -0.6367685631 -0.1053135061 389.3177453 -0.0822228505 0.0658377891 -0.9944369203 126.3442947
54 0.6457561616 0.7635433943 0.0006817521 3015.19611 0.7592476957 -0.64202804 -0.1065032037 389.8900852 -0.0808821137 0.0692927188 -0.9943121254 126.2900741
55 0.64904228 0.760746227 0.0030490748 3015.66215 0.7566274065 -0.6451010668 -0.1065813369 390.4484983 -0.0791143885 0.0714828075 -0.994299312 126.2353063
56 0.6492992935 0.7605225866 0.0039777779 3016.125906 0.7565726082 -0.6453762477 -0.1052966636 390.9929085 -0.0775133276 0.071378527 -0.9944328987 126.1779376
57 0.6464069958 0.762984302 0.0035987106 3016.580281 0.7589988714 -0.6425342383 -0.1052162807 391.5266027 -0.0779660757 0.0707439572 -0.9944428508 126.128714
58 0.6402458956 0.7681578517 0.0043252759 3017.021001 0.7639724409 -0.6361494169 -0.1079816137 392.0514078 -0.0801954026 0.0724391765 -0.9941434822 126.0824535
59 0.6309191973 0.7758073773 0.0079924862 3017.438592 0.7714981472 -0.6262587694 -0.1122076767 392.570363 -0.0820461787 0.0769601656 -0.9936526342 126.0354238
60 0.6190151672 0.7852542547 0.0139992207 3017.836562 0.7808664217 -0.6134526192 -0.1179979467 393.0819517 -0.0840705311 0.0839740401 -0.9929151557 125.985425
61 0.6051968726 0.795853372 0.0188190258 3018.217558 0.7914938095 -0.5990126434 -0.1213317875 393.582973 -0.0852894778 0.0883247608 -0.9924335956 125.9370764
62 0.5891906596 0.8076206184 0.0245622339 3018.577209 0.8037292289 -0.5826906669 -0.1203782093 394.0712992 -0.0829077394 0.0906671019 -0.9924241953 125.890376
63 0.5701258829 0.820969925 0.0310621924 3018.923701 0.8179182374 -0.5636399237 -0.1154114091 394.5571766 -0.0772414041 0.0912053651 -0.9928319832 125.8422533
64 0.5469981012 0.8363249694 0.0367916137 3019.256885 0.8341104045 -0.5407640059 -0.1087847557 395.0473275 -0.0710838271 0.0901933226 -0.9933842429 125.7904041
65 0.5187175865 0.8540913638 0.038210048 3019.580824 0.8522422063 -0.5130092553 -0.1024925645 395.5478439 -0.0679359059 0.0857289113 -0.993999631 125.7382191
66 0.4836798777 0.8745232692 0.0355362845 3019.898676 0.8723210809 -0.4783505928 -0.1011762924 396.0693654 -0.0714822192 0.0799359868 -0.9942336397 125.6929274
67 0.4426303992 0.8960894625 0.0331964588 3020.193131 0.8932036981 -0.4373323588 -0.1045349781 396.6090104 -0.0791548067 0.0759215589 -0.9939670183 125.6532651
68 0.3966832464 0.9173365171 0.0337063272 3020.457983 0.9141595472 -0.3914405822 -0.1052928907 397.1631566 -0.0833949893 0.0725808865 -0.993869856 125.6106948
69 0.3467046067 0.9373371745 0.0345678603 3020.694199 0.934307767 -0.3418592827 -0.1010011252 397.7241602 -0.0828547654 0.0673145758 -0.9942855906 125.5676122
70 0.2941440198 0.9549006815 0.0405460729 3020.895108 0.9524921669 -0.2893684008 -0.094997898 398.2906791 -0.0789808052 0.0665628804 -0.9946514039 125.5190253
71 0.2416380893 0.9692657745 0.0462048931 3021.053404 0.9676839673 -0.2371587047 -0.0856941556 398.871094 -0.0721025195 0.0654187063 -0.9952495263 125.4615575
72 0.1885461233 0.9805828587 0.0539223202 3021.188862 0.9798813515 -0.1841842588 -0.0768680412 399.4633026 -0.065443841 0.0673306472 -0.9955820848 125.4104911
73 0.1368962642 0.9886063846 0.062584576 3021.292844 0.9885721644 -0.1323191416 -0.0722268691 400.0765155 -0.0631228066 0.0717569583 -0.9954227495 125.3597356
74 0.0879507878 0.9933371131 0.0744717312 3021.356303 0.9942518096 -0.0829572494 -0.0676862906 400.7027801 -0.0610573345 0.0799967161 -0.9949233776 125.3129696
75 0.0410392046 0.995721829 0.0827878191 3021.39332 0.9974294505 -0.0359562709 -0.0619809475 401.3417702 -0.0587390412 0.0851186577 -0.9946378935 125.2686015
76 -0.0061442149 0.9966378457 0.081702222 3021.414736 0.9983626868 0.0107603405 -0.0561797175 401.9889739 -0.0568699764 0.0812232696 -0.9950721513 125.2295448
77 -0.0523311702 0.9955010696 0.0789877775 3021.409422 0.9971343623 0.0564161035 -0.050401258 402.6462526 -0.0546306889 0.0761238704 -0.9956006449 125.1851761
78 -0.0961193139 0.992065035 0.0810434691 3021.362848 0.9938526916 0.1001478425 -0.0471936118 403.3234739 -0.0549354607 0.0760090523 -0.9955926472 125.1393297
79 -0.1390498047 0.986540078 0.0860454895 3021.282713 0.9887280712 0.1431770942 -0.0437849388 404.0039669 -0.0555153401 0.0789873036 -0.9953286155 125.0961224
80 -0.1799560763 0.9800257596 0.0846482196 3021.178999 0.9819806735 0.1840278174 -0.0429851046 404.6926296 -0.0577041369 0.0753874849 -0.9954832795 125.0531365
81 -0.2192801839 0.9722692405 0.0812940643 3021.051529 0.9738189823 0.2232238073 -0.0429851326 405.3857316 -0.0599398928 0.0697399152 -0.9957627998 125.0150215
82 -0.2570443093 0.9633092403 0.077223899 3020.896407 0.964275941 0.2609539228 -0.0455517259 406.0799444 -0.0640322779 0.062756336 -0.995972645 124.9759913
83 -0.2943804453 0.9528977073 0.0729802228 3020.712767 0.9533714698 0.2981233956 -0.0469604263 406.7742504 -0.0665055944 0.0557530311 -0.9962271857 124.9313627
84 -0.3310829527 0.9410924383 0.0687684599 3020.500655 0.9409118016 0.3347601561 -0.0511919865 407.4710038 -0.0711973318 0.0477562614 -0.9963183625 124.8868362
85 -0.3665191918 0.9281343423 0.0650409461 3020.260851 0.9272750659 0.3701246058 -0.056291459 408.1677851 -0.0763192908 0.0396789475 -0.9962936048 124.8409914
86 -0.3994634854 0.9146169133 0.0624886049 3019.989851 0.9132251644 0.4029733146 -0.0602686214 408.8587171 -0.0803039407 0.0329910529 -0.9962243058 124.7917505
87 -0.429560968 0.9010053621 0.0605533833 3019.691048 0.8992248412 0.4329400245 -0.0629096195 409.5453826 -0.0828978878 0.0274275894 -0.9961805396 124.7394308
88 -0.4569529033 0.887630932 0.0574923707 3019.36849 0.885573396 0.4600486179 -0.064148495 410.2305632 -0.0833894741 0.0216008729 -0.9962828905 124.6807692
89 -0.4811193606 0.8748390211 0.056399007 3019.016455 0.8726363909 0.4840747448 -0.064632582 410.9139084 -0.0838444397 0.0181198394 -0.9963140977 124.6173982
90 -0.5022865384 0.862864378 0.0563320377 3018.64042 0.860570381 0.5051853351 -0.064856739 411.5929165 -0.0844206891 0.0159010162 -0.9963033197 124.5537286
91 -0.5211131043 0.8515344422 0.0577081122 3018.239758 0.8493197878 0.5240555343 -0.0634168352 412.2712936 -0.0842438749 0.0159652977 -0.9963172581 124.4905186
92 -0.5381323563 0.840783216 0.0591367124 3017.818492 0.8387637777 0.5411062277 -0.0606578564 412.9455795 -0.082999351 0.0169597771 -0.9964052758 124.42501
93 -0.5537108779 0.8306157016 0.0590069487 3017.380644 0.8288088776 0.5565823479 -0.0573753811 413.6187015 -0.0804991184 0.0171361103 -0.9966073679 124.3591905
94 -0.5677647345 0.8211034649 0.0585858873 3016.924866 0.8195469302 0.5705071369 -0.0535204249 414.2918782 -0.0773694732 0.0176268743 -0.9968466572 124.2926625
95 -0.5803316764 0.8122652085 0.0586547224 3016.453211 0.8110015957 0.5829769799 -0.0491350462 414.9625546 -0.0741050414 0.0190544498 -0.9970683882 124.2262582
96 -0.5916616862 0.8039844045 0.0595443222 3015.965795 0.8031161936 0.5942383737 -0.0434181388 415.632093 -0.0702910276 0.0221321602 -0.9972809729 124.1625447
97 -0.6004349486 0.7973536033 0.0608695635 3015.463178 0.7967635206 0.6030021664 -0.0394497096 416.3021625 -0.0681598468 0.0248116634 -0.9973658389 124.1009836
98 -0.6069245072 0.7922637837 0.0629344064 3014.951642 0.7921471111 0.609445146 -0.0328567861 416.9702154 -0.0643863102 0.0299117196 -0.9974766624 124.041715
99 -0.6109287488 0.7892095317 0.0625649988 3014.429937 0.789424745 0.6132470155 -0.0271416644 417.6412843 -0.0597882591 0.0328087352 -0.9976717651 123.9851137
100 -0.6144211929 0.7866351488 0.0607596941 3013.901489 0.7869838077 0.6165202195 -0.0236496365 418.3178959 -0.0560632153 0.0332860575 -0.9978722134 123.9295168
101 -0.6176846208 0.7842222624 0.058831559 3013.369681 0.7844250506 0.6197196544 -0.0249978002 419.0030118 -0.0560629048 0.0307081919 -0.9979548876 123.8773003
102 -0.6213576648 0.781291552 0.059145272 3012.829933 0.781536157 0.623388294 -0.0242542841 419.6859355 -0.0558201375 0.0311535832 -0.9979546916 123.8302236
103 -0.6249740613 0.7787027949 0.0550398027 3012.286786 0.7788661264 0.6267554566 -0.0233485497 420.3694015 -0.0526780775 0.0282764 -0.9982111327 123.78353
104 -0.6287630746 0.7758777625 0.0516787554 3011.742164 0.7758484152 0.6304166013 -0.0251822451 421.0560056 -0.0521174893 0.0242612146 -0.9983462129 123.7347674
105 -0.6322962032 0.7730140098 0.0514864264 3011.189049 0.772818685 0.6340058926 -0.0280679224 421.7421085 -0.0543395949 0.0220424315 -0.9982791892 123.6913163
106 -0.6354974635 0.7702676009 0.0532052339 3010.626756 0.7699081549 0.6373767697 -0.0315005793 422.427192 -0.0581756557 0.0209446053 -0.9980866278 123.6525989
107 -0.639166279 0.767378505 0.0509578035 3010.068816 0.7670305446 0.6408921488 -0.0303545263 423.1050035 -0.0559518672 0.0196846021 -0.9982394026 123.6072769
108 -0.6427838685 0.7645373241 0.0480788779 3009.507531 0.7642545712 0.6443067263 -0.0279963001 423.7803622 -0.0523817608 0.0187489322 -0.9984511148 123.5554887
109 -0.6463348058 0.7614291008 0.0497699021 3008.935132 0.7612704013 0.6479079348 -0.0261282242 424.4541063 -0.0521411048 0.0210007726 -0.9984188864 123.5051795
110 -0.6495915506 0.7584094518 0.0533471716 3008.359422 0.7581436829 0.6514273654 -0.029335023 425.1296815 -0.0569997661 0.0213890381 -0.9981450474 123.4655674
111 -0.652760092 0.7554669948 0.0563372173 3007.783058 0.755098671 0.654829122 -0.032012781 425.7991292 -0.06107585 0.021643492 -0.9978984416 123.4235894
112 -0.6564073388 0.7523029414 0.0562999994 3007.208386 0.7521356289 0.6583926729 -0.0284795363 426.4561287 -0.058492746 0.0236510588 -0.9980076283 123.3715652
113 -0.6599028332 0.749274622 0.0558192763 3006.630775 0.7493180027 0.6617600389 -0.0244168342 427.108173 -0.0552338806 0.0257136506 -0.9981422878 123.3186388
114 -0.6633123754 0.7462815203 0.0555030195 3006.056614 0.7463814612 0.6651179516 -0.0230829997 427.7558295 -0.0541424707 0.0261151855 -0.9981916599 123.2738779
115 -0.666703796 0.7431828635 0.0564382828 3005.483844 0.7433783302 0.6685214751 -0.021626271 428.394901 -0.0538024781 0.0275366794 -0.9981718412 123.2323407
116 -0.6696477894 0.7403804995 0.0583828234 3004.913499 0.7406404955 0.67156346 -0.0213113949 429.0230069 -0.0549863121 0.0289695548 -0.9980667665 123.1899445
117 -0.6729377779 0.7373521035 0.0588780319 3004.349977 0.7377559817 0.6748061487 -0.0187822557 429.6383647 -0.0535803937 0.0307983307 -0.9980884752 123.1516853
118 -0.6762967235 0.7342208194 0.0595191576 3003.791345 0.7348382899 0.6780775288 -0.0149516747 430.2400333 -0.0513364342 0.0336251874 -0.9981151824 123.1120629
119 -0.6793996301 0.7315445429 0.0570852383 3003.244419 0.7322076964 0.6809712736 -0.0122480178 430.8290827 -0.047833378 0.0334769521 -0.9982941759 123.0719774
120 -0.6826170992 0.7285018487 0.0576103489 3002.705526 0.7291472559 0.6842365409 -0.0128310331 431.4069855 -0.0487665372 0.0332477452 -0.9982566866 123.0359809
121 -0.6860895082 0.7249314254 0.0612830742 3002.171104 0.7256140006 0.6879515876 -0.0143852462 431.9712757 -0.0525881052 0.0345982901 -0.9980167581 123.008585
122 -0.6903642539 0.7207292248 0.0628218232 3001.64852 0.7214761768 0.6922981518 -0.0139783869 432.5165534 -0.053566064 0.0356742702 -0.9979268627 122.9793907
123 -0.6956463982 0.7156823423 0.0622484833 3001.138624 0.7165311534 0.6974620996 -0.011389723 433.0420495 -0.0515673814 0.0366797578 -0.9979956916 122.9461318
124 -0.7011632019 0.7107044056 0.0571787744 3000.641642 0.7114702468 0.7026564063 -0.009168565 433.5555778 -0.0466931717 0.0342523363 -0.9983218545 122.9134732
125 -0.7069169937 0.7051155182 0.0555019822 3000.146592 0.7058782987 0.7082908587 -0.0077386609 434.0540059 -0.0447681965 0.0337070538 -0.9984285869 122.8815696
126 -0.7127177436 0.6988570222 0.0602684042 2999.655726 0.6997209078 0.7143615448 -0.0088450231 434.5374817 -0.0492348368 0.0358670575 -0.9981430183 122.8545613
127 -0.7186685504 0.6922539392 0.0655743724 2999.172897 0.6932387129 0.7206386012 -0.0100046633 435.0006129 -0.0541811916 0.0382686567 -0.9977975288 122.8306869
128 -0.7252386142 0.6852871028 0.0664118907 2998.705814 0.6861688302 0.7273420778 -0.012076357 435.4484198 -0.0565799343 0.036811529 -0.9977192102 122.8117346
129 -0.7324275745 0.6777232846 0.0651229419 2998.25718 0.6785232623 0.7344756499 -0.0123167451 435.8739254 -0.05617856 0.0351663073 -0.9978012328 122.7881657
130 -0.7397321127 0.6703165445 0.0589247961 2997.828315 0.670884191 0.7414568719 -0.0124943724 436.2762745 -0.0520653796 0.0302892257 -0.998184231 122.7552482
131 -0.7467302457 0.6627874784 0.0557377663 2997.416568 0.6632943456 0.7482699625 -0.0115184374 436.6518685 -0.0493411724 0.0283693796 -0.9983789997 122.7251268
132 -0.7536931189 0.6546683955 0.0579307726 2997.019993 0.6554943737 0.7551761183 -0.0060130179 436.9932205 -0.0476844688 0.0334413253 -0.9983024938 122.7023989
133 -0.7602856046 0.6466105047 0.0621341673 2996.641462 0.6477734215 0.761830801 -0.0018506938 437.3055895 -0.0485324005 0.0388418063 -0.9980660901 122.6857238
134 -0.7665061726 0.6388047034 0.0663086589 2996.287397 0.6402637698 0.7681544972 0.0009866873 437.5941786 -0.0503049941 0.0432113338 -0.9977986712 122.668348
135 -0.7723447681 0.6317951288 0.0657150997 2995.964154 0.633214274 0.7739758968 0.0009971852 437.8617688 -0.0502318865 0.0423819099 -0.9978379284 122.6517897
136 -0.7781394642 0.6251824539 0.0603810704 2995.673401 0.6262703089 0.7796051331 -0.0011561158 438.108783 -0.0477961758 0.0369152523 -0.9981747291 122.6364354
137 -0.7829329198 0.6193968663 0.0579962517 2995.405208 0.6203188968 0.7843452771 -0.0026367508 438.3290647 -0.0471222813 0.0339117719 -0.9983133187 122.6270487
138 -0.7866398586 0.6145408764 0.0594747347 2995.157444 0.6155832101 0.7880712553 -0.0010039651 438.5185664 -0.0474873064 0.0358218891 -0.9982293063 122.6192909
139 -0.7902608202 0.6097235047 0.0610334657 2994.935128 0.6110315493 0.7915981648 0.0035764961 438.6808885 -0.0461333057 0.0401197378 -0.9981293126 122.6097755
140 -0.7935871773 0.605461485 0.0602974476 2994.742491 0.606886133 0.7947580227 0.0069933418 438.8235658 -0.0436876811 0.0421435112 -0.9981559552 122.5987951
141 -0.7965006778 0.6019637676 0.0568004644 2994.578179 0.6033082897 0.7974608427 0.0086782443 438.9492635 -0.0400721576 0.0411804184 -0.9983478328 122.5874166
143 -0.8012690174 0.5963081641 0.0488317036 2994.315802 0.5973717706 0.8019061089 0.0096726511 439.1530137 -0.0333905606 0.0369210769 -0.9987601837 122.5659375
145 -0.8044051609 0.5922491003 0.0466190984 2994.127956 0.5932542147 0.8049472689 0.0104561481 439.2924071 -0.0313332716 0.0360679561 -0.9988580122 122.5597293
148 -0.8078250826 0.5880677423 0.0399370303 2993.96143 0.5889256931 0.8080703312 0.0137429181 439.4167439 -0.0241901625 0.0346218172 -0.9991076848 122.5481932
151 -0.8109584002 0.5841462795 0.0334603831 2993.794914 0.58483896 0.810985245 0.016319412 439.540114 -0.0176029532 0.0328033 -0.9993067995 122.5377979
154 -0.8144909371 0.5793145871 0.0316088998 2993.596267 0.5799300382 0.8145232101 0.0152673165 439.686288 -0.0169016034 0.0307660414 -0.9993837033 122.5311117
157 -0.8184120433 0.5738828534 0.0293291307 2993.362308 0.5743947124 0.8184741595 0.0130676929 439.8567451 -0.0165058107 0.0275412548 -0.9994843858 122.5228219
159 -0.8220946667 0.5686194397 0.0288494657 2993.186943 0.5691352164 0.8221220458 0.0141579385 439.9773651 -0.0156673027 0.0280584126 -0.9994834972 122.5170575
161 -0.8284442198 0.5593887577 0.02764765 2993.000322 0.5598464716 0.8285010955 0.0125643536 440.1093007 -0.0158777502 0.0258873054 -0.9995387659 122.5121111
163 -0.8379627376 0.5450608593 0.0269649765 2992.795872 0.5454455836 0.8380947906 0.0092864058 440.2523235 -0.01753755 0.0224895894 -0.9995932436 122.5065334
165 -0.8500590831 0.5260617095 0.0256638473 2992.559452 0.5264179741 0.8501732993 0.0094592644 440.4050779 -0.0168425609 0.0215508441 -0.9996258746 122.4976871
167 -0.8656867759 0.5000856505 0.0223774054 2992.27113 0.5003576579 0.8657770296 0.0085058383 440.58491 -0.0151201959 0.0185600979 -0.9997134102 122.4884929
168 -0.8756098083 0.4825653809 0.0209312383 2992.103532 0.4827631145 0.8757343225 0.0054010789 440.6880646 -0.0157238301 0.0148340675 -0.9997663285 122.4865247
169 -0.886482653 0.4623130172 0.0203759675 2991.917338 0.4624519418 0.8866409576 0.0024522977 440.7961959 -0.0169324382 0.0115968251 -0.9997893809 122.4845974
170 -0.8979581072 0.4395793523 0.0210054948 2991.711359 0.4396584367 0.8981645596 -0.0009396453 440.9069929 -0.0192794397 0.0083914809 -0.9997789187 122.483336
171 -0.9099008442 0.4141572118 0.0235426756 2991.485071 0.4142066569 0.9101780335 -0.0029652426 441.0200846 -0.0226561028 0.0070534562 -0.9997184352 122.4811826
172 -0.9221541504 0.3860958023 0.0237013568 2991.242376 0.386036544 0.9224553015 -0.0072113401 441.13563 -0.0246477104 0.0024996227 -0.999693074 122.47686
173 -0.9344372346 0.355291649 0.0243905455 2990.979625 0.3552034459 0.9347547498 -0.0080043648 441.246843 -0.0256430622 0.0011840293 -0.9996704614 122.4712921
174 -0.9464057306 0.3221058546 0.0237489268 2990.696182 0.3219910338 0.946703524 -0.008614624 441.3532963 -0.0252580135 -0.000505988 -0.9996808374 122.4637438
175 -0.9579588594 0.2861448684 0.0208791271 2990.391311 0.2859247295 0.9581649195 -0.0129242481 441.4631965 -0.0237038544 -0.0064110392 -0.9996984675 122.4534004
176 -0.9686103196 0.24786565 0.0188856636 2990.061595 0.2475324522 0.9687059326 -0.0183439694 441.5696571 -0.0228414943 -0.0130933434 -0.9996533552 122.4410608
177 -0.9781789849 0.2069130168 0.0187850182 2989.705162 0.2065650163 0.9782502078 -0.0189056881 441.6600025 -0.0222882809 -0.0146128192 -0.9996447859 122.4288307
178 -0.9864139724 0.1631548819 0.0191822746 2989.325249 0.1628417764 0.9865075091 -0.0168964602 441.733903 -0.0216801979 -0.0135432288 -0.9996732216 122.4162958
179 -0.9928717892 0.1176838321 0.0188712956 2988.92295 0.117290366 0.9928807159 -0.0207570226 441.8010038 -0.0211797114 -0.018395641 -0.9996064327 122.4045192
180 -0.9973784306 0.0702464726 0.0173694933 2988.501741 0.0697610356 0.997194708 -0.0271313891 441.858373 -0.0192266512 -0.0258485485 -0.9994809595 122.3930729
181 -0.9996447213 0.0208764101 0.016571259 2988.062519 0.0204010861 0.9993897857 -0.0283522823 441.8886093 -0.0171530408 -0.0280041377 -0.9994606253 122.3766654
182 -0.9993887198 -0.0308378483 0.0164685729 2987.600728 -0.0312993462 0.9991024538 -0.0285418576 441.8911402 -0.0155736221 -0.0290398661 -0.9994569268 122.3571643
183 -0.9963363843 -0.0837594762 0.0172672945 2987.114698 -0.0842304566 0.9960346387 -0.0286396363 441.8747613 -0.0147999825 -0.0299891438 -0.9994406495 122.3389463
184 -0.9902654286 -0.13788969 0.0189951125 2986.623932 -0.1384089431 0.9899370981 -0.0294534602 441.8308817 -0.0147426381 -0.0317958369 -0.999385651 122.3324946
185 -0.9809868932 -0.1929592636 0.020771085 2986.113213 -0.193559166 0.9805554135 -0.0323408466 441.7618459 -0.0141267339 -0.0357463806 -0.9992610428 122.3199024
186 -0.9684917161 -0.2480072337 0.0227202093 2985.590733 -0.2486983096 0.9679248386 -0.0356462855 441.6631047 -0.0131509183 -0.0401736098 -0.9991061677 122.3089605
187 -0.9529343109 -0.3019600973 0.0271348244 2985.055054 -0.3028034477 0.9523816192 -0.0357676303 441.5276013 -0.0150423109 -0.0423007205 -0.9989916806 122.3031802
188 -0.9349552218 -0.3536500776 0.0281132665 2984.516977 -0.3544633801 0.9344916711 -0.0328790038 441.3523712 -0.0146439511 -0.0407055198 -0.9990638695 122.2923898
189 -0.914846706 -0.4029151297 0.0267376644 2983.973687 -0.4036182227 0.9144188378 -0.030504417 441.1416063 -0.0121587329 -0.038698674 -0.9991769502 122.2783502
190 -0.8927808248 -0.4497235704 0.0262889552 2983.428367 -0.4503666874 0.8923852775 -0.0286070501 440.8951566 -0.0105946119 -0.0373794955 -0.9992449787 122.2667417
191 -0.8691338877 -0.4937487504 0.0286086832 2982.876474 -0.4944678764 0.8687017387 -0.0293054325 440.6174988 -0.0103828921 -0.0396164193 -0.9991610155 122.2558065
192 -0.8447766372 -0.5342652586 0.0302169929 2982.32369 -0.5350326837 0.8443072298 -0.0297544808 440.3047269 -0.0096156402 -0.041302969 -0.9991003975 122.2460674
193 -0.8207746643 -0.5704329085 0.0305818133 2981.772855 -0.5711842089 0.820325547 -0.0285411355 439.9543223 -0.0088062398 -0.0408936897 -0.9991246951 122.2364726
194 -0.7976198198 -0.6024748852 0.0287512747 2981.225054 -0.6031008006 0.7973050418 -0.0239602713 439.564071 -0.0084880746 -0.0364511041 -0.9992993894 122.2269355
195 -0.7751235098 -0.6311760255 0.0282908004 2980.679298 -0.6317629629 0.7748335768 -0.0225496557 439.1455633 -0.00768786 -0.0353518481 -0.9993453575 122.2186457
196 -0.7524887599 -0.6579707901 0.0288981927 2980.131449 -0.6585730667 0.7521601826 -0.0231640993 438.6986565 -0.0064947691 -0.0364622957 -0.9993139241 122.2083923
197 -0.7298187389 -0.6829537356 0.0306399001 2979.585771 -0.6836215323 0.7294005538 -0.0252276167 438.2251354 -0.005119465 -0.0393576828 -0.9992120715 122.1994534
198 -0.707732386 -0.7058244663 0.030441627 2979.045233 -0.7064695197 0.7073055258 -0.0248939924 437.7176539 -0.0039607421 -0.0391243663 -0.9992264991 122.1919047
199 -0.6862028119 -0.7267199807 0.0316823386 2978.508932 -0.7273905221 0.6858539537 -0.0225251535 437.1801585 -0.0053599781 -0.0385022565 -0.9992441378 122.186687
200 -0.6655778565 -0.7456848672 0.0309870256 2977.978685 -0.7463058936 0.6653064699 -0.0198699377 436.6159952 -0.0057991567 -0.0363507904 -0.9993222652 122.1814392
201 -0.6475672566 -0.761416539 0.030025028 2977.461729 -0.7619829886 0.6473640255 -0.0173707676 436.0297761 -0.0062107332 -0.0341273009 -0.999398196 122.1756609
202 -0.6327794527 -0.7738134399 0.0283359218 2976.947685 -0.7743063913 0.6326327063 -0.0150157038 435.4185024 -0.0063068775 -0.0314423142 -0.9994856698 122.167765
203 -0.6213861463 -0.7830799422 0.025788783 2976.440535 -0.7834823023 0.6212794892 -0.0129336079 434.7850806 -0.005893993 -0.0282418199 -0.9995837436 122.1614803
204 -0.6123898969 -0.7901911231 0.0240125623 2975.932313 -0.7905358594 0.6123080466 -0.0114852557 434.1373086 -0.005627538 -0.0260162461 -0.9996456801 122.1538266
205 -0.6043710859 -0.796372868 0.0229313249 2975.41967 -0.7966887004 0.6042820306 -0.0114167488 433.4739348 -0.0047649986 -0.0251690803 -0.9996718523 122.1448358
206 -0.5963523973 -0.8024045332 0.022600516 2974.904367 -0.8027127289 0.5962492479 -0.0117944583 432.7936847 -0.0040116139 -0.0251753753 -0.9996750009 122.1382732
207 -0.5883795402 -0.8082472232 0.0233654203 2974.385325 -0.8085771713 0.5882544473 -0.0126357944 432.0963052 -0.0035319667 -0.0263273883 -0.9996471347 122.1310718
208 -0.5805957578 -0.8138730772 0.022785527 2973.869535 -0.8141825772 0.5804960936 -0.0114462323 431.3832748 -0.0039111291 -0.025197213 -0.9996748489 122.1250147
209 -0.5734207933 -0.8189500753 0.0225691832 2973.353408 -0.8192464207 0.5733573365 -0.0098319271 430.6522931 -0.0048883493 -0.0241275539 -0.9996969367 122.1185536
210 -0.5661633909 -0.8239840568 0.0225674313 2972.832198 -0.8242755432 0.5661175336 -0.0089870476 429.9053239 -0.0053706346 -0.0236899191 -0.9997049285 122.1111893
211 -0.5595827955 -0.8285014283 0.0212715358 2972.315286 -0.8287575966 0.5595507723 -0.0079861953 429.1476093 -0.00528593 -0.0220978843 -0.9997418379 122.1017274
212 -0.5555854212 -0.8312553435 0.0184226392 2971.797684 -0.8314472759 0.5555608533 -0.0068967874 428.3712314 -0.0045019058 -0.0191492077 -0.9998065016 122.091775
213 -0.5537437229 -0.8325301894 0.0161670382 2971.273448 -0.8326760408 0.5537322467 -0.0055865939 427.5823453 -0.0043012023 -0.0165554467 -0.9998536977 122.080616
214 -0.5530043204 -0.8330485377 0.0147090293 2970.744206 -0.8331647673 0.5530100357 -0.004046111 426.777336 -0.004763634 -0.0144925618 -0.99988363 122.0719607
215 -0.5523999874 -0.8334397717 0.0152446982 2970.204044 -0.8335587437 0.5524221277 -0.0031005874 425.9619639 -0.0058373557 -0.0144201159 -0.9998789854 122.0657324
216 -0.5516018233 -0.8339611215 0.0156293407 2969.658791 -0.8340831747 0.5516321449 -0.0026896699 425.1447654 -0.0063785666 -0.0145197969 -0.9998742368 122.0563079
217 -0.5507929348 -0.8345058543 0.0150705731 2969.111307 -0.8346121831 0.5508359474 -0.0015043133 424.3163138 -0.0070460552 -0.0134066491 -0.9998853009 122.0456209
218 -0.5500720119 -0.8349726766 0.0155374105 2968.558596 -0.8350777283 0.550131737 -0.0005095538 423.4767573 -0.0081221591 -0.0132552367 -0.9998791573 122.0361977
219 -0.5492389067 -0.835492669 0.016988918 2967.997872 -0.8356113218 0.5493211048 0.0002064396 422.6285725 -0.00950485 -0.0140827475 -0.9998556566 122.0283823
220 -0.5483547233 -0.8360863362 0.016332048 2967.433107 -0.8361988528 0.5484263545 -0.0001107733 421.7736473 -0.0088643095 -0.0137175829 -0.9998666171 122.0160131
221 -0.5480412925 -0.8363002808 0.0158928337 2966.868197 -0.8364078069 0.5481075921 -0.0002191139 420.905056 -0.0085277378 -0.0134129736 -0.9998736769 122.0023838
222 -0.548185511 -0.8361869876 0.0168513277 2966.293986 -0.8363045682 0.5482651305 0.0001258538 420.0298812 -0.0093442327 -0.0140238511 -0.9998579984 121.9892942
223 -0.5485645619 -0.8358967091 0.0188046052 2965.714159 -0.8360487527 0.5486550016 -0.0004151888 419.1477844 -0.0099701857 -0.0159493246 -0.9998230916 121.9826966
224 -0.5486265497 -0.8357918808 0.0214672068 2965.124705 -0.8359830379 0.5487552682 0.0001261484 418.2561191 -0.0118856767 -0.0178770124 -0.999769545 121.970697
225 -0.5488304444 -0.8355782037 0.0243763967 2964.529281 -0.8358378814 0.5489756655 -0.0008686873 417.3542246 -0.0126561924 -0.0208514778 -0.9997024741 121.9535087
226 -0.548694535 -0.8356171707 0.0260432576 2963.923526 -0.8359321674 0.5488276784 -0.002364532 416.4436011 -0.0123174171 -0.0230678026 -0.9996580204 121.9374221
227 -0.5484184599 -0.8358174759 0.0254232149 2963.315056 -0.8361586078 0.5484520696 -0.0062537896 415.526086 -0.0087163882 -0.0246875336 -0.9996572164 121.9156936
228 -0.5483715949 -0.8358396627 0.0257031549 2962.704214 -0.836211629 0.5483260015 -0.0094184746 414.6029911 -0.0062213735 -0.0266581009 -0.9996252499 121.897481
229 -0.5481996705 -0.8360199753 0.0234034637 2962.089249 -0.8363420635 0.5480822288 -0.0117398153 413.6669739 -0.0030123025 -0.0260090639 -0.9996571685 121.885996
230 -0.5477878849 -0.8363145723 0.0225026491 2961.469734 -0.836616394 0.5476277451 -0.0132989468 412.7193559 -0.001200972 -0.0261110871 -0.999658326 121.8755874
231 -0.5471508018 -0.8366860354 0.0241345859 2960.840189 -0.8370254157 0.5470486323 -0.0112359905 411.7600185 -0.0038017959 -0.0263490429 -0.9996455743 121.8681093
232 -0.5467090196 -0.8369192424 0.0259890275 2960.205025 -0.8372794468 0.5467327642 -0.0068126718 410.7856453 -0.0085073968 -0.0254846277 -0.9996390138 121.8615338
233 -0.5460137102 -0.8373769315 0.0258631542 2959.566705 -0.8377113161 0.5460954954 -0.0044114329 409.8049314 -0.0104297198 -0.0240745597 -0.999655759 121.850169
234 -0.5458099696 -0.8375055404 0.0259989782 2958.923321 -0.837850673 0.5458752685 -0.0051420738 408.8137513 -0.0098856839 -0.0245898565 -0.9996487444 121.831686
235 -0.5452871719 -0.8378204077 0.0268116494 2958.268473 -0.8381691844 0.5453983033 -0.0036206413 407.8102519 -0.011589581 -0.0244469876 -0.9996339462 121.8157508
236 -0.5447689386 -0.8381237648 0.0278452588 2957.608311 -0.8384752396 0.5449366269 -0.0018290012 406.7970154 -0.013640972 -0.0243439431 -0.9996105723 121.800351
237 -0.5444669088 -0.8383358218 0.0273648506 2956.946724 -0.8386867244 0.5446076029 -0.0026715277 405.7758669 -0.0126634683 -0.0244050954 -0.9996219425 121.7810227
238 -0.5447300154 -0.8382584937 0.0243291604 2956.276221 -0.8385699824 0.5447623869 -0.0058588785 404.7463591 -0.0083423568 -0.0235932105 -0.9996868337 121.7582854
239 -0.5457078071 -0.8376759334 0.0224057996 2955.605577 -0.8379565993 0.5456801059 -0.0078714499 403.7105267 -0.005632675 -0.0230705993 -0.9997179704 121.7402716
240 -0.5466863291 -0.8370641053 0.0213948843 2954.926971 -0.8373213534 0.5466559039 -0.0077636236 402.6666236 -0.0051969891 -0.0221586604 -0.999740959 121.7297561
241 -0.5473613089 -0.8366248167 0.0213193237 2954.240932 -0.8368741385 0.5473549549 -0.0066505423 401.6199429 -0.0061052287 -0.0214818402 -0.9997505973 121.7234704
242 -0.5481797715 -0.836062171 0.022337958 2953.553337 -0.8363229065 0.5482129019 -0.0051585178 400.5640008 -0.0079331152 -0.021509541 -0.9997371681 121.7156203
243 -0.5488210221 -0.8355880045 0.0242522678 2952.855622 -0.8358734905 0.5489120719 -0.0033234241 399.5053484 -0.0105353492 -0.0220957927 -0.9997003463 121.7075287
244 -0.5493691607 -0.8351748342 0.0260100289 2952.156157 -0.8354835784 0.5495120097 -0.0019342779 398.4426337 -0.012677363 -0.0227935846 -0.9996598106 121.6958221
245 -0.5498289097 -0.8348674984 0.0261616188 2951.452395 -0.8351913575 0.5499519006 -0.0028815494 397.3776056 -0.0119819201 -0.0234343171 -0.9996535732 121.6829536
246 -0.5503120162 -0.8345585593 0.025859156 2950.745149 -0.8349001647 0.5503771537 -0.0051675539 396.3040087 -0.0099196623 -0.0244335806 -0.9996522397 121.6650735
247 -0.550551127 -0.8344298698 0.0249047972 2950.033579 -0.8347542634 0.5505921541 -0.0057965174 395.2253976 -0.0088755987 -0.0239806648 -0.9996730223 121.6509179
248 -0.5508883424 -0.8341827301 0.0257139458 2949.312548 -0.8345316062 0.5509237604 -0.0063252321 394.1426311 -0.0088900243 -0.0249435972 -0.9996493307 121.6372263
249 -0.5510946487 -0.8340547088 0.0254446632 2948.595375 -0.8343951659 0.5511325856 -0.0061302689 393.0608099 -0.0089104034 -0.0246092624 -0.9996574358 121.6261206
250 -0.5514366726 -0.833821155 0.0256880829 2947.873741 -0.8341672263 0.5514779946 -0.0060876941 391.9743651 -0.0090903643 -0.0247851347 -0.9996514705 121.6137942
251 -0.5520414218 -0.8333312111 0.0284492747 2947.146351 -0.8337318948 0.5521504727 -0.0045807314 390.8801362 -0.011891014 -0.0262478212 -0.9995847416 121.6023183
252 -0.5527438081 -0.8328532089 0.0288065102 2946.421165 -0.8332570818 0.5528706667 -0.0040818415 389.7876133 -0.0125266997 -0.0262594412 -0.9995766722 121.5909166
253 -0.5538505303 -0.8321257516 0.0285713761 2945.693542 -0.832555765 0.553897369 -0.006971575 388.6987641 -0.010024383 -0.0276484743 -0.9995674433 121.5721419
254 -0.5552925256 -0.8311732001 0.028307638 2944.961729 -0.831598157 0.5553310775 -0.0072041363 387.6052068 -0.009732226 -0.0275409826 -0.999573298 121.5560062
255 -0.557073631 -0.8299609244 0.0288761778 2944.228568 -0.8303916184 0.5571450686 -0.0062556011 386.5091049 -0.0108963156 -0.0274633664 -0.9995634216 121.5461205
256 -0.5587152279 -0.8287996661 0.030469782 2943.492448 -0.8292547239 0.5588516119 -0.0046345165 385.4099053 -0.013187001 -0.0278565856 -0.999524944 121.5332572
257 -0.5601016641 -0.8278030146 0.0320670389 2942.750916 -0.8283053244 0.5602566465 -0.004772801 384.3124818 -0.0140148327 -0.0292345528 -0.9994743245 121.5195935
258 -0.5612021355 -0.8269869051 0.0338352188 2942.002648 -0.8275613926 0.5613419598 -0.0061111088 383.210581 -0.0139393211 -0.0314302881 -0.9994087414 121.5038445
259 -0.5619378152 -0.8264082483 0.0357113284 2941.24865 -0.8270612182 0.5620636283 -0.0073633633 382.1072097 -0.0139868946 -0.0336732071 -0.9993350199 121.4876401
260 -0.5626798329 -0.8258257831 0.0374590664 2940.497017 -0.8265489126 0.562807302 -0.008052072 381.0059638 -0.0144326274 -0.0354924891 -0.9992657217 121.4709649
261 -0.5631357877 -0.8254339626 0.0392027813 2939.737906 -0.826237385 0.5632469646 -0.0092000298 379.8996395 -0.0144868306 -0.0375716695 -0.9991889218 121.4557647
262 -0.5633918495 -0.8252575169 0.0392384343 2938.981583 -0.8260916786 0.5634212714 -0.0113582322 378.7959523 -0.0127343021 -0.0388136795 -0.9991653196 121.4387271
263 -0.563467248 -0.825206841 0.0392215495 2938.21957 -0.826060614 0.5634303723 -0.0130413817 377.6857984 -0.0113367749 -0.0397477687 -0.9991454311 121.4212553
264 -0.5636054164 -0.8251101908 0.0392696781 2937.459368 -0.8259774682 0.5635267652 -0.0140998899 376.5750748 -0.0104955518 -0.0403826437 -0.9991291636 121.4067733
265 -0.5634985131 -0.8252499163 0.0378417932 2936.701326 -0.8260804603 0.5633133504 -0.0164055583 375.4655388 -0.0077781017 -0.0405048737 -0.9991490661 121.3922747
266 -0.5632967234 -0.8254943642 0.0354380604 2935.937201 -0.826228235 0.5631035329 -0.0161652371 374.3462208 -0.0066109849 -0.0383857511 -0.9992411265 121.380233
267 -0.5630523082 -0.8257721208 0.0327490882 2935.179335 -0.8263474952 0.5630892745 -0.0089602547 373.2237237 -0.0110415318 -0.0321072191 -0.9994234393 121.3717831
268 -0.5638555401 -0.8251320453 0.034986251 2934.413953 -0.825753648 0.5639891458 -0.0068670349 372.0985094 -0.0140656553 -0.0327620401 -0.9993642009 121.3633559
269 -0.5639776651 -0.8251554224 0.0323685369 2933.65472 -0.8256854628 0.5640966759 -0.0062013464 370.9736449 -0.0131419095 -0.0302236512 -0.999456763 121.3430306
