1 0.029150 5.957695e-01 0.802626 3.577537e+03 -0.394196 7.447427e-01 -0.538487 -1.315730e+03 -0.918564 -3.006949e-01 0.256559 2.219389e+02 0.000000 0 0.000000 1 
54 -0.149518 -2.832791e-02 0.988353 3.579006e+03 -0.988569 2.388930e-02 -0.148866 -1.314161e+03 -0.019394 -9.993134e-01 -0.031575 2.221077e+02 0.000000 0 0.000000 1 
57 -0.165752 -2.687437e-02 0.985801 3.579304e+03 -0.986023 2.165041e-02 -0.165199 -1.314237e+03 -0.016903 -9.994046e-01 -0.030087 2.221265e+02 0.000000 0 0.000000 1 
59 -0.183912 -2.485856e-02 0.982628 3.579604e+03 -0.982799 2.177282e-02 -0.183393 -1.314328e+03 -0.016835 -9.994541e-01 -0.028435 2.221434e+02 0.000000 0 0.000000 1 
61 -0.211400 -2.275986e-02 0.977134 3.579985e+03 -0.977242 2.293499e-02 -0.210888 -1.314462e+03 -0.017610 -9.994781e-01 -0.027090 2.221653e+02 0.000000 0 0.000000 1 
62 -0.231121 -2.241731e-02 0.972666 3.580203e+03 -0.972772 2.306227e-02 -0.230614 -1.314545e+03 -0.017262 -9.994829e-01 -0.027136 2.221792e+02 0.000000 0 0.000000 1 
63 -0.254796 -2.565185e-02 0.966654 3.580440e+03 -0.966936 1.786858e-02 -0.254396 -1.314629e+03 -0.010747 -9.995115e-01 -0.029356 2.221942e+02 0.000000 0 0.000000 1 
64 -0.277848 -3.118020e-02 0.960119 3.580691e+03 -0.960621 1.223068e-02 -0.277596 -1.314727e+03 -0.003087 -9.994392e-01 -0.033350 2.222087e+02 0.000000 0 0.000000 1 
65 -0.303740 -3.403187e-02 0.952147 3.580949e+03 -0.952756 1.111222e-02 -0.303536 -1.314848e+03 -0.000250 -9.993592e-01 -0.035799 2.222229e+02 0.000000 0 0.000000 1 
66 -0.331915 -3.680751e-02 0.942591 3.581214e+03 -0.943309 1.197957e-02 -0.331700 -1.314986e+03 0.000918 -9.992508e-01 -0.038696 2.222345e+02 0.000000 0 0.000000 1 
67 -0.361338 -3.438772e-02 0.931800 3.581474e+03 -0.932432 1.619343e-02 -0.360985 -1.315147e+03 -0.002675 -9.992776e-01 -0.037915 2.222545e+02 0.000000 0 0.000000 1 
68 -0.392847 -3.207494e-02 0.919044 3.581739e+03 -0.919572 2.203642e-02 -0.392304 -1.315329e+03 -0.007669 -9.992427e-01 -0.038151 2.222728e+02 0.000000 0 0.000000 1 
69 -0.426046 -3.063762e-02 0.904182 3.582008e+03 -0.904607 2.889914e-02 -0.425266 -1.315527e+03 -0.013101 -9.991129e-01 -0.040027 2.222897e+02 0.000000 0 0.000000 1 
70 -0.460907 -3.116789e-02 0.886901 3.582282e+03 -0.887317 3.339859e-02 -0.459949 -1.315740e+03 -0.015285 -9.989562e-01 -0.043049 2.223049e+02 0.000000 0 0.000000 1 
71 -0.497508 -3.377685e-02 0.866802 3.582557e+03 -0.867314 3.771162e-02 -0.496332 -1.315969e+03 -0.015924 -9.987179e-01 -0.048056 2.223178e+02 0.000000 0 0.000000 1 
72 -0.535780 -3.666936e-02 0.843561 3.582827e+03 -0.844216 4.162057e-02 -0.534386 -1.316215e+03 -0.015514 -9.984606e-01 -0.053256 2.223247e+02 0.000000 0 0.000000 1 
73 -0.574593 -3.870699e-02 0.817523 3.583084e+03 -0.818178 5.241628e-02 -0.572571 -1.316488e+03 -0.020689 -9.978751e-01 -0.061786 2.223317e+02 0.000000 0 0.000000 1 
74 -0.611292 -3.990184e-02 0.790398 3.583328e+03 -0.790956 6.445443e-02 -0.608469 -1.316783e+03 -0.026665 -9.971228e-01 -0.070960 2.223442e+02 0.000000 0 0.000000 1 
75 -0.648720 -4.045515e-02 0.759951 3.583564e+03 -0.760364 7.613515e-02 -0.645019 -1.317093e+03 -0.031764 -9.962767e-01 -0.080150 2.223504e+02 0.000000 0 0.000000 1 
76 -0.686013 -4.145744e-02 0.726408 3.583795e+03 -0.726869 8.350023e-02 -0.681682 -1.317414e+03 -0.032394 -9.956452e-01 -0.087416 2.223548e+02 0.000000 0 0.000000 1 
77 -0.721396 -3.979548e-02 0.691378 3.584009e+03 -0.691719 8.950889e-02 -0.716598 -1.317751e+03 -0.033367 -9.951909e-01 -0.092098 2.223547e+02 0.000000 0 0.000000 1 
78 -0.755875 -3.475574e-02 0.653793 3.584206e+03 -0.653594 9.853281e-02 -0.750405 -1.318114e+03 -0.038339 -9.945269e-01 -0.097194 2.223553e+02 0.000000 0 0.000000 1 
79 -0.788959 -2.929983e-02 0.613748 3.584388e+03 -0.612930 1.076906e-01 -0.782765 -1.318499e+03 -0.043160 -9.937528e-01 -0.102921 2.223553e+02 0.000000 0 0.000000 1 
80 -0.819839 -2.246916e-02 0.572153 3.584557e+03 -0.570636 1.146551e-01 -0.813160 -1.318899e+03 -0.047329 -9.931515e-01 -0.106820 2.223469e+02 0.000000 0 0.000000 1 
81 -0.848282 -1.693854e-02 0.529274 3.584717e+03 -0.527345 1.180456e-01 -0.841411 -1.319315e+03 -0.048226 -9.928639e-01 -0.109068 2.223353e+02 0.000000 0 0.000000 1 
82 -0.874334 -1.393811e-02 0.485125 3.584869e+03 -0.483121 1.201699e-01 -0.867268 -1.319745e+03 -0.046209 -9.926557e-01 -0.111802 2.223222e+02 0.000000 0 0.000000 1 
83 -0.897269 -1.112999e-02 0.441344 3.585008e+03 -0.439227 1.234727e-01 -0.889851 -1.320194e+03 -0.044590 -9.922858e-01 -0.115676 2.223113e+02 0.000000 0 0.000000 1 
84 -0.916940 -7.993945e-03 0.398946 3.585130e+03 -0.396602 1.283026e-01 -0.908980 -1.320663e+03 -0.043919 -9.917031e-01 -0.120815 2.223004e+02 0.000000 0 0.000000 1 
85 -0.933847 -4.456998e-03 0.357645 3.585238e+03 -0.355085 1.316423e-01 -0.925519 -1.321147e+03 -0.042956 -9.912875e-01 -0.124516 2.222871e+02 0.000000 0 0.000000 1 
86 -0.948422 5.282473e-04 0.317011 3.585329e+03 -0.314143 1.326624e-01 -0.940061 -1.321644e+03 -0.042552 -9.911614e-01 -0.125653 2.222715e+02 0.000000 0 0.000000 1 
87 -0.960718 6.229053e-03 0.277457 3.585402e+03 -0.274229 1.323779e-01 -0.952510 -1.322159e+03 -0.042662 -9.911800e-01 -0.125469 2.222562e+02 0.000000 0 0.000000 1 
88 -0.971043 1.226697e-02 0.238592 3.585458e+03 -0.235008 1.306606e-01 -0.963171 -1.322689e+03 -0.042989 -9.913515e-01 -0.123993 2.222422e+02 0.000000 0 0.000000 1 
89 -0.979428 1.708674e-02 0.201073 3.585499e+03 -0.197262 1.290273e-01 -0.971823 -1.323232e+03 -0.042549 -9.914941e-01 -0.123002 2.222251e+02 0.000000 0 0.000000 1 
90 -0.985922 2.131121e-02 0.165845 3.585527e+03 -0.161821 1.281566e-01 -0.978463 -1.323790e+03 -0.042106 -9.915252e-01 -0.122903 2.222085e+02 0.000000 0 0.000000 1 
91 -0.990654 2.631979e-02 0.133835 3.585541e+03 -0.129420 1.284594e-01 -0.983234 -1.324367e+03 -0.043071 -9.913657e-01 -0.123852 2.221881e+02 0.000000 0 0.000000 1 
92 -0.993859 3.198002e-02 0.105936 3.585543e+03 -0.100995 1.291133e-01 -0.986473 -1.324960e+03 -0.045225 -9.911143e-01 -0.125090 2.221684e+02 0.000000 0 0.000000 1 
93 -0.995936 3.683496e-02 0.082191 3.585536e+03 -0.076744 1.306040e-01 -0.988460 -1.325567e+03 -0.047144 -9.907503e-01 -0.127246 2.221492e+02 0.000000 0 0.000000 1 
94 -0.997269 3.996757e-02 0.062121 3.585525e+03 -0.056332 1.325188e-01 -0.989578 -1.326187e+03 -0.047783 -9.903746e-01 -0.129905 2.221274e+02 0.000000 0 0.000000 1 
95 -0.998029 4.289515e-02 0.045816 3.585507e+03 -0.039684 1.342673e-01 -0.990150 -1.326821e+03 -0.048624 -9.900165e-01 -0.132300 2.221050e+02 0.000000 0 0.000000 1 
96 -0.998446 4.472810e-02 0.033252 3.585486e+03 -0.026903 1.357502e-01 -0.990378 -1.327468e+03 -0.048811 -9.897332e-01 -0.134335 2.220820e+02 0.000000 0 0.000000 1 
97 -0.998687 4.564004e-02 0.023287 3.585461e+03 -0.016795 1.377960e-01 -0.990318 -1.328130e+03 -0.048407 -9.894088e-01 -0.136848 2.220561e+02 0.000000 0 0.000000 1 
98 -0.998789 4.706329e-02 0.014364 3.585432e+03 -0.007719 1.384585e-01 -0.990338 -1.328803e+03 -0.048597 -9.892496e-01 -0.137927 2.220296e+02 0.000000 0 0.000000 1 
99 -0.998853 4.754627e-02 0.005681 3.585397e+03 0.001011 1.395514e-01 -0.990214 -1.329489e+03 -0.047874 -9.890729e-01 -0.139439 2.220005e+02 0.000000 0 0.000000 1 
100 -0.998847 4.789800e-02 -0.003464 3.585356e+03 0.010239 1.419380e-01 -0.989822 -1.330184e+03 -0.046919 -9.887163e-01 -0.142264 2.219696e+02 0.000000 0 0.000000 1 
101 -0.998791 4.744814e-02 -0.012915 3.585310e+03 0.019670 1.448059e-01 -0.989264 -1.330884e+03 -0.045068 -9.883220e-01 -0.145563 2.219354e+02 0.000000 0 0.000000 1 
102 -0.998581 4.837541e-02 -0.022274 3.585255e+03 0.029187 1.472721e-01 -0.988665 -1.331588e+03 -0.044546 -9.879126e-01 -0.148474 2.219028e+02 0.000000 0 0.000000 1 
103 -0.998224 5.008010e-02 -0.032285 3.585190e+03 0.039449 1.493943e-01 -0.987990 -1.332297e+03 -0.044655 -9.875089e-01 -0.151104 2.218693e+02 0.000000 0 0.000000 1 
104 -0.997744 5.118979e-02 -0.043446 3.585114e+03 0.050702 1.502374e-01 -0.987349 -1.333009e+03 -0.044015 -9.873241e-01 -0.152493 2.218366e+02 0.000000 0 0.000000 1 
105 -0.997106 5.060614e-02 -0.056738 3.585032e+03 0.063770 1.503604e-01 -0.986572 -1.333725e+03 -0.041395 -9.873354e-01 -0.153152 2.218008e+02 0.000000 0 0.000000 1 
106 -0.996058 5.014762e-02 -0.073181 3.584936e+03 0.079964 1.502701e-01 -0.985406 -1.334445e+03 -0.038418 -9.873726e-01 -0.153687 2.217624e+02 0.000000 0 0.000000 1 
107 -0.994422 5.180897e-02 -0.091881 3.584820e+03 0.098674 1.490522e-01 -0.983894 -1.335168e+03 -0.037279 -9.874714e-01 -0.153332 2.217273e+02 0.000000 0 0.000000 1 
108 -0.992277 5.568582e-02 -0.110845 3.584682e+03 0.117994 1.479970e-01 -0.981924 -1.335893e+03 -0.038274 -9.874191e-01 -0.153424 2.216903e+02 0.000000 0 0.000000 1 
109 -0.989749 5.960346e-02 -0.129789 3.584529e+03 0.137250 1.456076e-01 -0.979776 -1.336620e+03 -0.039499 -9.875456e-01 -0.152295 2.216554e+02 0.000000 0 0.000000 1 
110 -0.986951 6.218135e-02 -0.148530 3.584360e+03 0.156162 1.447303e-01 -0.977070 -1.337347e+03 -0.039258 -9.875156e-01 -0.152551 2.216185e+02 0.000000 0 0.000000 1 
111 -0.983663 6.351018e-02 -0.168448 3.584179e+03 0.176085 1.448052e-01 -0.973666 -1.338075e+03 -0.037445 -9.874201e-01 -0.153622 2.215800e+02 0.000000 0 0.000000 1 
112 -0.979639 6.446525e-02 -0.190140 3.583979e+03 0.197687 1.443480e-01 -0.969579 -1.338802e+03 -0.035057 -9.874251e-01 -0.154152 2.215444e+02 0.000000 0 0.000000 1 
113 -0.974930 6.531190e-02 -0.212712 3.583763e+03 0.220143 1.439844e-01 -0.964782 -1.339524e+03 -0.032384 -9.874226e-01 -0.154752 2.215102e+02 0.000000 0 0.000000 1 
114 -0.969624 6.705881e-02 -0.235229 3.583527e+03 0.242647 1.423706e-01 -0.959611 -1.340242e+03 -0.030860 -9.875395e-01 -0.154317 2.214787e+02 0.000000 0 0.000000 1 
115 -0.963825 6.717756e-02 -0.257934 3.583274e+03 0.265093 1.409706e-01 -0.953862 -1.340957e+03 -0.027717 -9.877322e-01 -0.153678 2.214451e+02 0.000000 0 0.000000 1 
116 -0.957155 6.697099e-02 -0.281728 3.583004e+03 0.288569 1.394101e-01 -0.947255 -1.341666e+03 -0.024163 -9.879677e-01 -0.152762 2.214142e+02 0.000000 0 0.000000 1 
117 -0.949220 6.948664e-02 -0.306845 3.582708e+03 0.313722 1.356495e-01 -0.939775 -1.342366e+03 -0.023678 -9.883174e-01 -0.150560 2.213871e+02 0.000000 0 0.000000 1 
118 -0.940222 7.433873e-02 -0.332351 3.582389e+03 0.339561 1.298136e-01 -0.931583 -1.343055e+03 -0.026109 -9.887480e-01 -0.147295 2.213634e+02 0.000000 0 0.000000 1 
119 -0.930557 7.926346e-02 -0.357465 3.582048e+03 0.364975 1.227459e-01 -0.922890 -1.343738e+03 -0.029274 -9.892680e-01 -0.143150 2.213402e+02 0.000000 0 0.000000 1 
120 -0.920243 8.441759e-02 -0.382136 3.581689e+03 0.389971 1.159385e-01 -0.913499 -1.344413e+03 -0.032811 -9.896628e-01 -0.139611 2.213191e+02 0.000000 0 0.000000 1 
121 -0.909345 8.914717e-02 -0.406380 3.581311e+03 0.414481 1.095411e-01 -0.903441 -1.345081e+03 -0.036024 -9.899768e-01 -0.136560 2.212989e+02 0.000000 0 0.000000 1 
122 -0.897687 9.251965e-02 -0.430813 3.580911e+03 0.438891 1.008167e-01 -0.892867 -1.345743e+03 -0.039174 -9.905941e-01 -0.131107 2.212827e+02 0.000000 0 0.000000 1 
123 -0.885547 9.276380e-02 -0.455196 3.580493e+03 0.462723 8.928380e-02 -0.881995 -1.346397e+03 -0.041175 -9.916772e-01 -0.121988 2.212732e+02 0.000000 0 0.000000 1 
124 -0.872828 9.080500e-02 -0.479506 3.580058e+03 0.486128 7.514929e-02 -0.870650 -1.347046e+03 -0.043025 -9.930295e-01 -0.109734 2.212703e+02 0.000000 0 0.000000 1 
125 -0.859880 8.649728e-02 -0.503116 3.579604e+03 0.508646 6.129229e-02 -0.858791 -1.347695e+03 -0.043446 -9.943651e-01 -0.096700 2.212711e+02 0.000000 0 0.000000 1 
126 -0.846229 7.891923e-02 -0.526944 3.579134e+03 0.531275 4.970071e-02 -0.845740 -1.348347e+03 -0.040555 -9.956415e-01 -0.083985 2.212787e+02 0.000000 0 0.000000 1 
127 -0.831278 7.491131e-02 -0.550786 3.578639e+03 0.554351 3.882118e-02 -0.831377 -1.348996e+03 -0.040897 -9.964345e-01 -0.073798 2.212959e+02 0.000000 0 0.000000 1 
128 -0.815627 7.378618e-02 -0.573855 3.578110e+03 0.577026 3.110933e-02 -0.816133 -1.349645e+03 -0.042367 -9.967890e-01 -0.067949 2.213134e+02 0.000000 0 0.000000 1 
129 -0.799596 7.661997e-02 -0.595631 3.577556e+03 0.598850 2.739713e-02 -0.800392 -1.350292e+03 -0.045007 -9.966841e-01 -0.067790 2.213293e+02 0.000000 0 0.000000 1 
130 -0.784190 8.427121e-02 -0.614772 3.576969e+03 0.618575 2.776884e-02 -0.785235 -1.350938e+03 -0.049101 -9.960561e-01 -0.073903 2.213449e+02 0.000000 0 0.000000 1 
131 -0.770120 9.403064e-02 -0.630931 3.576359e+03 0.635474 2.691623e-02 -0.771653 -1.351577e+03 -0.055576 -9.952056e-01 -0.080482 2.213605e+02 0.000000 0 0.000000 1 
132 -0.757685 1.006792e-01 -0.644809 3.575736e+03 0.649728 2.342516e-02 -0.759806 -1.352213e+03 -0.061392 -9.946434e-01 -0.083162 2.213726e+02 0.000000 0 0.000000 1 
133 -0.746926 1.026238e-01 -0.656940 3.575104e+03 0.661867 2.036571e-02 -0.749345 -1.352849e+03 -0.063521 -9.945120e-01 -0.083134 2.213819e+02 0.000000 0 0.000000 1 
134 -0.737247 1.030124e-01 -0.667724 3.574461e+03 0.672468 1.646138e-02 -0.739944 -1.353484e+03 -0.065231 -9.945441e-01 -0.081408 2.213948e+02 0.000000 0 0.000000 1 
135 -0.728903 1.043678e-01 -0.676615 3.573803e+03 0.681335 1.392276e-02 -0.731839 -1.354122e+03 -0.066960 -9.944415e-01 -0.081257 2.214082e+02 0.000000 0 0.000000 1 
136 -0.722436 1.027260e-01 -0.683764 3.573136e+03 0.688444 1.493215e-02 -0.725136 -1.354769e+03 -0.064280 -9.945978e-01 -0.081508 2.214177e+02 0.000000 0 0.000000 1 
137 -0.716993 1.029590e-01 -0.689435 3.572455e+03 0.694252 1.646335e-02 -0.719544 -1.355417e+03 -0.062733 -9.945496e-01 -0.083283 2.214281e+02 0.000000 0 0.000000 1 
138 -0.712565 1.039767e-01 -0.693859 3.571760e+03 0.698791 1.665836e-02 -0.715132 -1.356068e+03 -0.062798 -9.944404e-01 -0.084527 2.214372e+02 0.000000 0 0.000000 1 
139 -0.709450 1.043136e-01 -0.696993 3.571058e+03 0.702229 2.095116e-02 -0.711643 -1.356728e+03 -0.059631 -9.943240e-01 -0.088115 2.214418e+02 0.000000 0 0.000000 1 
140 -0.707257 1.035174e-01 -0.699337 3.570350e+03 0.704658 2.352112e-02 -0.709157 -1.357393e+03 -0.056961 -9.943497e-01 -0.089579 2.214520e+02 0.000000 0 0.000000 1 
141 -0.705802 1.023530e-01 -0.700976 3.569637e+03 0.706318 2.569549e-02 -0.707428 -1.358061e+03 -0.054395 -9.944164e-01 -0.090429 2.214589e+02 0.000000 0 0.000000 1 
142 -0.704889 1.014947e-01 -0.702019 3.568915e+03 0.707343 2.676684e-02 -0.706364 -1.358731e+03 -0.052901 -9.944762e-01 -0.090658 2.214663e+02 0.000000 0 0.000000 1 
143 -0.703979 1.011694e-01 -0.702978 3.568185e+03 0.708289 2.704147e-02 -0.705405 -1.359403e+03 -0.052356 -9.945019e-01 -0.090693 2.214723e+02 0.000000 0 0.000000 1 
144 -0.703404 9.951615e-02 -0.703790 3.567453e+03 0.709050 2.898228e-02 -0.704562 -1.360081e+03 -0.049718 -9.946140e-01 -0.090947 2.214791e+02 0.000000 0 0.000000 1 
145 -0.703060 9.831825e-02 -0.704302 3.566718e+03 0.709502 2.997011e-02 -0.704066 -1.360760e+03 -0.048114 -9.947039e-01 -0.090827 2.214849e+02 0.000000 0 0.000000 1 
146 -0.703377 9.788379e-02 -0.704046 3.565977e+03 0.709305 3.205739e-02 -0.704173 -1.361444e+03 -0.046357 -9.946816e-01 -0.091977 2.214889e+02 0.000000 0 0.000000 1 
147 -0.703877 9.751331e-02 -0.703597 3.565232e+03 0.708882 3.336811e-02 -0.704538 -1.362132e+03 -0.045224 -9.946749e-01 -0.092612 2.214961e+02 0.000000 0 0.000000 1 
148 -0.704402 9.781959e-02 -0.703029 3.564481e+03 0.708294 3.233333e-02 -0.705177 -1.362819e+03 -0.046249 -9.946790e-01 -0.092060 2.215040e+02 0.000000 0 0.000000 1 
149 -0.705326 9.728232e-02 -0.702177 3.563727e+03 0.707352 3.149212e-02 -0.706160 -1.363510e+03 -0.046584 -9.947587e-01 -0.091024 2.215117e+02 0.000000 0 0.000000 1 
150 -0.706468 9.710448e-02 -0.701052 3.562971e+03 0.706263 3.264820e-02 -0.707196 -1.364210e+03 -0.045784 -9.947388e-01 -0.091645 2.215176e+02 0.000000 0 0.000000 1 
151 -0.707339 9.771584e-02 -0.700088 3.562211e+03 0.705335 3.223732e-02 -0.708140 -1.364913e+03 -0.046627 -9.946923e-01 -0.091724 2.215263e+02 0.000000 0 0.000000 1 
152 -0.708215 9.582811e-02 -0.699463 3.561451e+03 0.704582 3.323773e-02 -0.708844 -1.365624e+03 -0.044678 -9.948430e-01 -0.091057 2.215339e+02 0.000000 0 0.000000 1 
153 -0.708878 9.330939e-02 -0.699133 3.560688e+03 0.704047 3.380743e-02 -0.709348 -1.366340e+03 -0.042553 -9.950633e-01 -0.089659 2.215416e+02 0.000000 0 0.000000 1 
154 -0.709622 9.121812e-02 -0.698654 3.559921e+03 0.703372 3.358531e-02 -0.710028 -1.367059e+03 -0.041303 -9.952647e-01 -0.087992 2.215521e+02 0.000000 0 0.000000 1 
155 -0.710256 9.006348e-02 -0.698159 3.559148e+03 0.702845 3.532280e-02 -0.710466 -1.367785e+03 -0.039326 -9.953097e-01 -0.088388 2.215613e+02 0.000000 0 0.000000 1 
156 -0.710459 9.078229e-02 -0.697859 3.558369e+03 0.702670 3.687799e-02 -0.710559 -1.368514e+03 -0.038770 -9.951879e-01 -0.089990 2.215713e+02 0.000000 0 0.000000 1 
157 -0.710237 9.232926e-02 -0.697882 3.557584e+03 0.702902 3.858190e-02 -0.710240 -1.369248e+03 -0.038650 -9.949810e-01 -0.092300 2.215783e+02 0.000000 0 0.000000 1 
158 -0.710010 9.343071e-02 -0.697966 3.556794e+03 0.703102 3.892199e-02 -0.710023 -1.369985e+03 -0.039171 -9.948649e-01 -0.093326 2.215863e+02 0.000000 0 0.000000 1 
159 -0.709914 9.472231e-02 -0.697890 3.555999e+03 0.703099 3.774333e-02 -0.710089 -1.370723e+03 -0.040920 -9.947882e-01 -0.093393 2.215931e+02 0.000000 0 0.000000 1 
160 -0.709796 9.550163e-02 -0.697904 3.555200e+03 0.703096 3.562328e-02 -0.710202 -1.371462e+03 -0.042964 -9.947919e-01 -0.092431 2.216006e+02 0.000000 0 0.000000 1 
161 -0.709843 9.542963e-02 -0.697865 3.554400e+03 0.702945 3.319975e-02 -0.710469 -1.372204e+03 -0.044631 -9.948826e-01 -0.090648 2.216105e+02 0.000000 0 0.000000 1 
162 -0.709731 9.506764e-02 -0.698029 3.553602e+03 0.702977 3.101057e-02 -0.710536 -1.372947e+03 -0.045902 -9.949879e-01 -0.088839 2.216222e+02 0.000000 0 0.000000 1 
163 -0.709715 9.503247e-02 -0.698050 3.552804e+03 0.702995 3.103527e-02 -0.710517 -1.373694e+03 -0.045858 -9.949905e-01 -0.088833 2.216331e+02 0.000000 0 0.000000 1 
164 -0.709142 1.006053e-01 -0.697852 3.552002e+03 0.703341 3.174360e-02 -0.710143 -1.374439e+03 -0.049292 -9.944201e-01 -0.093270 2.216425e+02 0.000000 0 0.000000 1 
165 -0.708922 1.015746e-01 -0.697935 3.551202e+03 0.703610 3.364956e-02 -0.709789 -1.375184e+03 -0.048611 -9.942589e-01 -0.095323 2.216518e+02 0.000000 0 0.000000 1 
166 -0.708493 9.907096e-02 -0.698730 3.550412e+03 0.704348 3.758345e-02 -0.708860 -1.375930e+03 -0.043966 -9.943706e-01 -0.096407 2.216586e+02 0.000000 0 0.000000 1 
167 -0.707409 9.702081e-02 -0.700114 3.549614e+03 0.705382 3.408694e-02 -0.708007 -1.376671e+03 -0.044826 -9.946987e-01 -0.092549 2.216671e+02 0.000000 0 0.000000 1 
168 -0.706308 9.443216e-02 -0.701578 3.548820e+03 0.706625 3.447142e-02 -0.706748 -1.377414e+03 -0.042555 -9.949345e-01 -0.091075 2.216749e+02 0.000000 0 0.000000 1 
169 -0.705226 9.304845e-02 -0.702850 3.548027e+03 0.707770 3.443789e-02 -0.705603 -1.378153e+03 -0.041450 -9.950661e-01 -0.090143 2.216877e+02 0.000000 0 0.000000 1 
170 -0.704763 9.249886e-02 -0.703387 3.547233e+03 0.708289 3.520062e-02 -0.705044 -1.378887e+03 -0.040456 -9.950906e-01 -0.090323 2.216994e+02 0.000000 0 0.000000 1 
171 -0.704132 9.817457e-02 -0.703250 3.546435e+03 0.708906 4.051099e-02 -0.704139 -1.379627e+03 -0.040639 -9.943445e-01 -0.098121 2.217020e+02 0.000000 0 0.000000 1 
172 -0.703355 1.051794e-01 -0.703015 3.545639e+03 0.709709 4.814316e-02 -0.702848 -1.380365e+03 -0.040080 -9.932875e-01 -0.108508 2.217022e+02 0.000000 0 0.000000 1 
173 -0.702853 1.092246e-01 -0.702899 3.544847e+03 0.710165 5.107454e-02 -0.702181 -1.381097e+03 -0.040795 -9.927043e-01 -0.113465 2.216945e+02 0.000000 0 0.000000 1 
174 -0.702470 1.062470e-01 -0.703739 3.544063e+03 0.710506 4.710136e-02 -0.702113 -1.381819e+03 -0.041450 -9.932238e-01 -0.108576 2.216884e+02 0.000000 0 0.000000 1 
175 -0.702368 1.036951e-01 -0.704221 3.543277e+03 0.710494 4.188882e-02 -0.702455 -1.382538e+03 -0.043342 -9.937269e-01 -0.103095 2.216865e+02 0.000000 0 0.000000 1 
176 -0.702452 1.047302e-01 -0.703984 3.542486e+03 0.710060 3.535506e-02 -0.703253 -1.383254e+03 -0.048762 -9.938723e-01 -0.099199 2.216873e+02 0.000000 0 0.000000 1 
177 -0.703537 1.051107e-01 -0.702843 3.541700e+03 0.709029 3.687279e-02 -0.704214 -1.383978e+03 -0.048104 -9.937769e-01 -0.100467 2.216882e+02 0.000000 0 0.000000 1 
178 -0.704452 1.076152e-01 -0.701547 3.540914e+03 0.708228 4.182125e-02 -0.704744 -1.384709e+03 -0.046501 -9.933128e-01 -0.105676 2.216807e+02 0.000000 0 0.000000 1 
179 -0.705522 1.108814e-01 -0.699961 3.540127e+03 0.707323 4.888229e-02 -0.705198 -1.385443e+03 -0.043977 -9.926310e-01 -0.112916 2.216694e+02 0.000000 0 0.000000 1 
180 -0.706856 1.071711e-01 -0.699192 3.539357e+03 0.706482 5.777134e-02 -0.705369 -1.386183e+03 -0.035202 -9.925610e-01 -0.116550 2.216563e+02 0.000000 0 0.000000 1 
181 -0.708761 1.050275e-01 -0.697587 3.538586e+03 0.704871 6.541220e-02 -0.706313 -1.386923e+03 -0.028551 -9.923159e-01 -0.120392 2.216335e+02 0.000000 0 0.000000 1 
182 -0.711251 1.072157e-01 -0.694713 3.537809e+03 0.702234 6.412996e-02 -0.709052 -1.387651e+03 -0.031469 -9.921656e-01 -0.120902 2.216206e+02 0.000000 0 0.000000 1 
183 -0.715198 1.073133e-01 -0.690635 3.537037e+03 0.698041 6.006602e-02 -0.713534 -1.388379e+03 -0.035088 -9.924094e-01 -0.117867 2.216075e+02 0.000000 0 0.000000 1 
184 -0.721401 1.096334e-01 -0.683785 3.536270e+03 0.691271 5.475779e-02 -0.720518 -1.389111e+03 -0.041550 -9.924629e-01 -0.115288 2.215930e+02 0.000000 0 0.000000 1 
185 -0.728628 1.133263e-01 -0.675469 3.535507e+03 0.683198 5.056616e-02 -0.728480 -1.389851e+03 -0.048400 -9.922705e-01 -0.114267 2.215837e+02 0.000000 0 0.000000 1 
186 -0.736521 1.144151e-01 -0.666668 3.534757e+03 0.674414 4.846747e-02 -0.736761 -1.390603e+03 -0.051985 -9.922502e-01 -0.112860 2.215710e+02 0.000000 0 0.000000 1 
187 -0.744893 1.119835e-01 -0.657720 3.534024e+03 0.665401 5.265136e-02 -0.744627 -1.391377e+03 -0.048756 -9.923145e-01 -0.113733 2.215541e+02 0.000000 0 0.000000 1 
188 -0.753015 1.130769e-01 -0.648215 3.533298e+03 0.656194 5.602582e-02 -0.752510 -1.392159e+03 -0.048774 -9.920056e-01 -0.116388 2.215417e+02 0.000000 0 0.000000 1 
189 -0.761556 1.129728e-01 -0.638177 3.532583e+03 0.646338 5.984968e-02 -0.760700 -1.392952e+03 -0.047743 -9.917941e-01 -0.118597 2.215236e+02 0.000000 0 0.000000 1 
190 -0.770451 1.164155e-01 -0.626781 3.531872e+03 0.635441 6.126588e-02 -0.769715 -1.393753e+03 -0.051206 -9.913094e-01 -0.121177 2.214992e+02 0.000000 0 0.000000 1 
191 -0.779717 1.136609e-01 -0.615730 3.531177e+03 0.624123 6.235393e-02 -0.778834 -1.394566e+03 -0.050130 -9.915612e-01 -0.119556 2.214881e+02 0.000000 0 0.000000 1 
192 -0.788488 1.059996e-01 -0.605847 3.530500e+03 0.612977 5.461333e-02 -0.788211 -1.395381e+03 -0.050462 -9.928655e-01 -0.108036 2.214840e+02 0.000000 0 0.000000 1 
193 -0.797155 9.773841e-02 -0.595812 3.529833e+03 0.601699 4.683616e-02 -0.797348 -1.396207e+03 -0.050026 -9.941097e-01 -0.096144 2.214819e+02 0.000000 0 0.000000 1 
194 -0.805271 9.478866e-02 -0.585282 3.529168e+03 0.590945 4.804145e-02 -0.805280 -1.397056e+03 -0.048213 -9.943378e-01 -0.094700 2.214835e+02 0.000000 0 0.000000 1 
195 -0.813204 9.591898e-02 -0.574020 3.528509e+03 0.580031 5.293909e-02 -0.812873 -1.397917e+03 -0.047582 -9.939806e-01 -0.098685 2.214891e+02 0.000000 0 0.000000 1 
196 -0.821053 9.257741e-02 -0.563295 3.527866e+03 0.569074 5.491941e-02 -0.820450 -1.398785e+03 -0.045019 -9.941900e-01 -0.097774 2.214936e+02 0.000000 0 0.000000 1 
197 -0.827499 8.667696e-02 -0.554737 3.527233e+03 0.559827 5.188357e-02 -0.826984 -1.399657e+03 -0.042898 -9.948847e-01 -0.091457 2.215022e+02 0.000000 0 0.000000 1 
198 -0.832168 8.300527e-02 -0.548276 3.526606e+03 0.552973 5.032580e-02 -0.831678 -1.400537e+03 -0.041441 -9.952778e-01 -0.087778 2.215131e+02 0.000000 0 0.000000 1 
199 -0.836017 7.640696e-02 -0.543359 3.525989e+03 0.547525 5.126080e-02 -0.835218 -1.401425e+03 -0.035963 -9.957584e-01 -0.084689 2.215307e+02 0.000000 0 0.000000 1 
200 -0.839449 7.252069e-02 -0.538578 3.525374e+03 0.542418 5.110586e-02 -0.838553 -1.402315e+03 -0.033288 -9.960569e-01 -0.082237 2.215520e+02 0.000000 0 0.000000 1 
201 -0.842433 7.178226e-02 -0.534000 3.524758e+03 0.537943 5.607760e-02 -0.841114 -1.403214e+03 -0.030431 -9.958429e-01 -0.085856 2.215638e+02 0.000000 0 0.000000 1 
202 -0.844302 7.274245e-02 -0.530908 3.524140e+03 0.535113 6.184496e-02 -0.842514 -1.404120e+03 -0.028452 -9.954317e-01 -0.091140 2.215764e+02 0.000000 0 0.000000 1 
203 -0.845479 6.931019e-02 -0.529493 3.523530e+03 0.533609 7.123914e-02 -0.842726 -1.405034e+03 -0.020689 -9.950485e-01 -0.097215 2.215795e+02 0.000000 0 0.000000 1 
204 -0.846459 6.452765e-02 -0.528530 3.522922e+03 0.532241 7.436661e-02 -0.843320 -1.405942e+03 -0.015112 -9.951413e-01 -0.097292 2.215882e+02 0.000000 0 0.000000 1 
205 -0.848102 6.022618e-02 -0.526399 3.522315e+03 0.529652 7.039824e-02 -0.845288 -1.406846e+03 -0.013851 -9.956994e-01 -0.091603 2.215994e+02 0.000000 0 0.000000 1 
206 -0.850382 5.933215e-02 -0.522810 3.521711e+03 0.525899 6.415550e-02 -0.848124 -1.407751e+03 -0.016780 -9.961748e-01 -0.085759 2.216141e+02 0.000000 0 0.000000 1 
207 -0.853540 6.130717e-02 -0.517408 3.521106e+03 0.520635 6.178209e-02 -0.851541 -1.408663e+03 -0.020239 -9.962052e-01 -0.084651 2.216313e+02 0.000000 0 0.000000 1 
208 -0.856792 6.229230e-02 -0.511887 3.520508e+03 0.515317 6.704777e-02 -0.854373 -1.409588e+03 -0.018900 -9.958036e-01 -0.089545 2.216472e+02 0.000000 0 0.000000 1 
209 -0.860115 6.381687e-02 -0.506093 3.519916e+03 0.509700 6.820353e-02 -0.857644 -1.410511e+03 -0.020215 -9.956285e-01 -0.091190 2.216577e+02 0.000000 0 0.000000 1 
210 -0.863362 6.397629e-02 -0.500514 3.519328e+03 0.504115 6.647899e-02 -0.861074 -1.411439e+03 -0.021814 -9.957349e-01 -0.089646 2.216702e+02 0.000000 0 0.000000 1 
211 -0.866869 5.900733e-02 -0.495032 3.518753e+03 0.498123 6.205137e-02 -0.864883 -1.412369e+03 -0.020317 -9.963274e-01 -0.083183 2.216884e+02 0.000000 0 0.000000 1 
212 -0.870888 5.996281e-02 -0.487812 3.518174e+03 0.490975 6.102023e-02 -0.869034 -1.413306e+03 -0.022343 -9.963340e-01 -0.082581 2.217080e+02 0.000000 0 0.000000 1 
213 -0.875111 6.240103e-02 -0.479884 3.517601e+03 0.483277 6.142897e-02 -0.873310 -1.414249e+03 -0.025016 -9.961592e-01 -0.083913 2.217261e+02 0.000000 0 0.000000 1 
214 -0.879673 6.346792e-02 -0.471326 3.517039e+03 0.474871 6.311794e-02 -0.877789 -1.415202e+03 -0.025962 -9.959862e-01 -0.085661 2.217440e+02 0.000000 0 0.000000 1 
215 -0.884392 6.069202e-02 -0.462783 3.516492e+03 0.466186 6.631344e-02 -0.882198 -1.416163e+03 -0.022853 -9.959515e-01 -0.086940 2.217599e+02 0.000000 0 0.000000 1 
216 -0.888563 6.227627e-02 -0.454509 3.515950e+03 0.458090 6.711526e-02 -0.886368 -1.417126e+03 -0.024695 -9.958000e-01 -0.088164 2.217740e+02 0.000000 0 0.000000 1 
217 -0.892698 6.288097e-02 -0.446248 3.515415e+03 0.449890 6.660094e-02 -0.890597 -1.418092e+03 -0.026281 -9.957965e-01 -0.087743 2.217905e+02 0.000000 0 0.000000 1 
218 -0.896714 6.345470e-02 -0.438039 3.514892e+03 0.441750 6.658904e-02 -0.894663 -1.419061e+03 -0.027602 -9.957609e-01 -0.087742 2.218046e+02 0.000000 0 0.000000 1 
219 -0.900241 7.076008e-02 -0.429605 3.514363e+03 0.433901 6.419518e-02 -0.898670 -1.420027e+03 -0.036011 -9.954258e-01 -0.088493 2.218230e+02 0.000000 0 0.000000 1 
220 -0.903601 7.487500e-02 -0.421781 3.513847e+03 0.426538 6.617110e-02 -0.902046 -1.420998e+03 -0.039631 -9.949953e-01 -0.091729 2.218401e+02 0.000000 0 0.000000 1 
221 -0.906790 7.444238e-02 -0.414960 3.513349e+03 0.419723 6.702165e-02 -0.905174 -1.421969e+03 -0.039572 -9.949708e-01 -0.092019 2.218527e+02 0.000000 0 0.000000 1 
222 -0.909418 7.465034e-02 -0.409131 3.512862e+03 0.413900 6.643638e-02 -0.907895 -1.422936e+03 -0.040593 -9.949945e-01 -0.091315 2.218658e+02 0.000000 0 0.000000 1 
223 -0.911985 7.062151e-02 -0.404100 3.512392e+03 0.408568 6.792485e-02 -0.910197 -1.423903e+03 -0.036831 -9.951881e-01 -0.090799 2.218816e+02 0.000000 0 0.000000 1 
224 -0.914220 7.145390e-02 -0.398870 3.511925e+03 0.403530 7.073844e-02 -0.912228 -1.424867e+03 -0.036967 -9.949326e-01 -0.093503 2.218897e+02 0.000000 0 0.000000 1 
225 -0.916297 7.021007e-02 -0.394299 3.511469e+03 0.399098 7.773021e-02 -0.913607 -1.425831e+03 -0.033495 -9.944994e-01 -0.099244 2.218962e+02 0.000000 0 0.000000 1 
226 -0.917454 7.000901e-02 -0.391634 3.511018e+03 0.396507 8.029344e-02 -0.914514 -1.426786e+03 -0.032578 -9.943099e-01 -0.101424 2.219026e+02 0.000000 0 0.000000 1 
227 -0.918616 6.787860e-02 -0.389278 3.510574e+03 0.393866 7.786620e-02 -0.915864 -1.427729e+03 -0.031856 -9.946506e-01 -0.098263 2.219117e+02 0.000000 0 0.000000 1 
228 -0.919282 6.597574e-02 -0.388031 3.510133e+03 0.392343 7.488401e-02 -0.916765 -1.428665e+03 -0.031427 -9.950076e-01 -0.094724 2.219208e+02 0.000000 0 0.000000 1 
229 -0.919792 6.340188e-02 -0.387251 3.509697e+03 0.391279 7.341213e-02 -0.917339 -1.429605e+03 -0.029732 -9.952845e-01 -0.092331 2.219323e+02 0.000000 0 0.000000 1 
230 -0.920211 6.212200e-02 -0.386462 3.509262e+03 0.390369 7.324441e-02 -0.917740 -1.430541e+03 -0.028705 -9.953776e-01 -0.091650 2.219462e+02 0.000000 0 0.000000 1 
231 -0.920596 6.039288e-02 -0.385819 3.508827e+03 0.389539 7.213837e-02 -0.918180 -1.431470e+03 -0.027619 -9.955648e-01 -0.089935 2.219566e+02 0.000000 0 0.000000 1 
232 -0.920796 5.554629e-02 -0.386069 3.508406e+03 0.389434 7.552959e-02 -0.917952 -1.432397e+03 -0.021829 -9.955955e-01 -0.091178 2.219688e+02 0.000000 0 0.000000 1 
233 -0.920780 5.392646e-02 -0.386339 3.507983e+03 0.389533 7.446644e-02 -0.917997 -1.433308e+03 -0.020735 -9.957646e-01 -0.089573 2.219853e+02 0.000000 0 0.000000 1 
234 -0.920517 5.404903e-02 -0.386947 3.507562e+03 0.390123 7.318072e-02 -0.917850 -1.434210e+03 -0.021292 -9.958533e-01 -0.088449 2.220015e+02 0.000000 0 0.000000 1 
235 -0.920665 5.096635e-02 -0.387012 3.507147e+03 0.389832 6.879212e-02 -0.918313 -1.435102e+03 -0.020179 -9.963285e-01 -0.083202 2.220254e+02 0.000000 0 0.000000 1 
236 -0.921116 5.532321e-02 -0.385339 3.506727e+03 0.388463 6.612501e-02 -0.919088 -1.435991e+03 -0.025366 -9.962767e-01 -0.082399 2.220409e+02 0.000000 0 0.000000 1 
237 -0.922504 6.080951e-02 -0.381168 3.506306e+03 0.384712 6.463131e-02 -0.920771 -1.436875e+03 -0.031356 -9.960549e-01 -0.083016 2.220622e+02 0.000000 0 0.000000 1 
238 -0.924517 6.557528e-02 -0.375459 3.505898e+03 0.379652 7.142675e-02 -0.922368 -1.437767e+03 -0.033666 -9.952882e-01 -0.090930 2.220743e+02 0.000000 0 0.000000 1 
239 -0.927137 6.827694e-02 -0.368452 3.505499e+03 0.372823 6.912984e-02 -0.925324 -1.438651e+03 -0.037707 -9.952687e-01 -0.089547 2.220932e+02 0.000000 0 0.000000 1 
240 -0.930364 6.833883e-02 -0.360213 3.505116e+03 0.364594 6.882917e-02 -0.928619 -1.439540e+03 -0.038667 -9.952853e-01 -0.088951 2.221080e+02 0.000000 0 0.000000 1 
241 -0.933819 6.485370e-02 -0.351819 3.504748e+03 0.355798 6.585037e-02 -0.932240 -1.440428e+03 -0.037292 -9.957199e-01 -0.084566 2.221200e+02 0.000000 0 0.000000 1 
242 -0.937225 6.637307e-02 -0.342352 3.504385e+03 0.346518 6.692377e-02 -0.935653 -1.441320e+03 -0.039190 -9.955482e-01 -0.085721 2.221373e+02 0.000000 0 0.000000 1 
243 -0.940763 6.764127e-02 -0.332251 3.504030e+03 0.336514 6.624626e-02 -0.939345 -1.442212e+03 -0.041528 -9.955082e-01 -0.085083 2.221551e+02 0.000000 0 0.000000 1 
244 -0.944374 6.888906e-02 -0.321579 3.503685e+03 0.325856 6.381529e-02 -0.943263 -1.443105e+03 -0.044459 -9.955814e-01 -0.082713 2.221733e+02 0.000000 0 0.000000 1 
245 -0.947831 7.328365e-02 -0.310237 3.503344e+03 0.314830 6.257456e-02 -0.947083 -1.444000e+03 -0.049993 -9.953464e-01 -0.082381 2.221911e+02 0.000000 0 0.000000 1 
246 -0.951073 7.630030e-02 -0.299399 3.503015e+03 0.304137 6.049349e-02 -0.950706 -1.444897e+03 -0.054427 -9.952483e-01 -0.080739 2.222137e+02 0.000000 0 0.000000 1 
247 -0.954577 7.114678e-02 -0.289349 3.502710e+03 0.293476 5.652276e-02 -0.954294 -1.445795e+03 -0.051540 -9.958633e-01 -0.074834 2.222460e+02 0.000000 0 0.000000 1 
248 -0.957996 6.207759e-02 -0.279983 3.502420e+03 0.283013 4.686952e-02 -0.957970 -1.446692e+03 -0.046346 -9.969705e-01 -0.062469 2.222821e+02 0.000000 0 0.000000 1 
249 -0.961034 5.486059e-02 -0.270935 3.502138e+03 0.273291 4.119818e-02 -0.961048 -1.447598e+03 -0.041561 -9.976440e-01 -0.054585 2.223191e+02 0.000000 0 0.000000 1 
250 -0.963446 5.051711e-02 -0.263097 3.501862e+03 0.265287 4.299092e-02 -0.963210 -1.448514e+03 -0.037347 -9.977977e-01 -0.054820 2.223590e+02 0.000000 0 0.000000 1 
251 -0.965526 4.733673e-02 -0.255968 3.501591e+03 0.258142 4.750875e-02 -0.964938 -1.449426e+03 -0.033516 -9.977488e-01 -0.058090 2.224041e+02 0.000000 0 0.000000 1 
252 -0.967208 4.268996e-02 -0.250374 3.501324e+03 0.252139 4.265683e-02 -0.966750 -1.450329e+03 -0.030590 -9.981776e-01 -0.052021 2.224527e+02 0.000000 0 0.000000 1 
253 -0.968347 3.905589e-02 -0.246536 3.501060e+03 0.248007 3.877289e-02 -0.967982 -1.451237e+03 -0.028246 -9.984847e-01 -0.047231 2.224959e+02 0.000000 0 0.000000 1 
254 -0.968741 3.989014e-02 -0.244847 3.500790e+03 0.246368 3.912517e-02 -0.968386 -1.452147e+03 -0.029049 -9.984380e-01 -0.047729 2.225440e+02 0.000000 0 0.000000 1 
255 -0.968831 3.960950e-02 -0.244536 3.500524e+03 0.246176 4.379295e-02 -0.968235 -1.453061e+03 -0.027642 -9.982553e-01 -0.052178 2.225943e+02 0.000000 0 0.000000 1 
256 -0.968820 4.315247e-02 -0.243983 3.500252e+03 0.245899 4.667807e-02 -0.968171 -1.453972e+03 -0.030390 -9.979777e-01 -0.055833 2.226352e+02 0.000000 0 0.000000 1 
257 -0.969030 4.637109e-02 -0.242553 3.499978e+03 0.244667 4.716036e-02 -0.968459 -1.454877e+03 -0.033469 -9.978106e-01 -0.057045 2.226759e+02 0.000000 0 0.000000 1 
258 -0.969517 4.863356e-02 -0.240152 3.499710e+03 0.242438 4.830064e-02 -0.968964 -1.455781e+03 -0.035524 -9.976484e-01 -0.058618 2.227181e+02 0.000000 0 0.000000 1 
259 -0.970714 5.067172e-02 -0.234835 3.499447e+03 0.237233 4.801422e-02 -0.970265 -1.456686e+03 -0.037889 -9.975608e-01 -0.058628 2.227536e+02 0.000000 0 0.000000 1 
260 -0.972328 5.156975e-02 -0.227858 3.499196e+03 0.230343 4.881221e-02 -0.971884 -1.457591e+03 -0.038997 -9.974760e-01 -0.059339 2.227945e+02 0.000000 0 0.000000 1 
261 -0.974200 4.985917e-02 -0.220111 3.498958e+03 0.222618 5.198991e-02 -0.973518 -1.458501e+03 -0.037095 -9.974024e-01 -0.061747 2.228299e+02 0.000000 0 0.000000 1 
262 -0.976190 4.425114e-02 -0.212360 3.498733e+03 0.214542 5.236586e-02 -0.975310 -1.459412e+03 -0.032038 -9.976473e-01 -0.060612 2.228669e+02 0.000000 0 0.000000 1 
263 -0.978050 4.119188e-02 -0.204259 3.498513e+03 0.206231 5.125360e-02 -0.977160 -1.460322e+03 -0.029782 -9.978360e-01 -0.058623 2.229068e+02 0.000000 0 0.000000 1 
264 -0.979989 3.833641e-02 -0.195326 3.498303e+03 0.197075 4.887744e-02 -0.979169 -1.461232e+03 -0.027990 -9.980690e-01 -0.055454 2.229471e+02 0.000000 0 0.000000 1 
265 -0.981644 4.209048e-02 -0.186022 3.498093e+03 0.188013 4.967830e-02 -0.980909 -1.462146e+03 -0.032045 -9.978782e-01 -0.056679 2.229856e+02 0.000000 0 0.000000 1 
266 -0.983472 4.612690e-02 -0.175089 3.497891e+03 0.177455 5.345564e-02 -0.982676 -1.463063e+03 -0.035968 -9.975045e-01 -0.060757 2.230249e+02 0.000000 0 0.000000 1 
267 -0.985361 5.055744e-02 -0.162814 3.497702e+03 0.165583 5.648524e-02 -0.984577 -1.463976e+03 -0.040581 -9.971228e-01 -0.064029 2.230613e+02 0.000000 0 0.000000 1 
268 -0.987259 5.482607e-02 -0.149379 3.497525e+03 0.152455 5.701176e-02 -0.986664 -1.464886e+03 -0.045578 -9.968672e-01 -0.064643 2.230966e+02 0.000000 0 0.000000 1 
269 -0.989183 5.385528e-02 -0.136446 3.497369e+03 0.139487 5.744742e-02 -0.988556 -1.465792e+03 -0.045400 -9.968951e-01 -0.064337 2.231267e+02 0.000000 0 0.000000 1 
270 -0.991013 4.942899e-02 -0.124301 3.497232e+03 0.127149 5.940168e-02 -0.990103 -1.466698e+03 -0.041556 -9.970099e-01 -0.065152 2.231588e+02 0.000000 0 0.000000 1 
271 -0.992549 4.844710e-02 -0.111802 3.497104e+03 0.114799 6.427609e-02 -0.991307 -1.467603e+03 -0.040839 -9.967557e-01 -0.069358 2.231823e+02 0.000000 0 0.000000 1 
272 -0.994086 4.297967e-02 -0.099732 3.496995e+03 0.102763 7.529681e-02 -0.991852 -1.468509e+03 -0.035120 -9.962347e-01 -0.079267 2.231998e+02 0.000000 0 0.000000 1 
273 -0.995341 3.931257e-02 -0.088046 3.496896e+03 0.091076 8.344279e-02 -0.992342 -1.469412e+03 -0.031664 -9.957371e-01 -0.086634 2.232209e+02 0.000000 0 0.000000 1 
274 -0.996395 3.763726e-02 -0.076036 3.496806e+03 0.079131 8.906326e-02 -0.992877 -1.470304e+03 -0.030597 -9.953148e-01 -0.091720 2.232292e+02 0.000000 0 0.000000 1 
275 -0.997260 3.766834e-02 -0.063681 3.496723e+03 0.066874 9.066600e-02 -0.993633 -1.471192e+03 -0.031655 -9.951689e-01 -0.092936 2.232397e+02 0.000000 0 0.000000 1 
276 -0.998035 3.575873e-02 -0.051470 3.496654e+03 0.054610 9.325658e-02 -0.994143 -1.472078e+03 -0.030749 -9.950000e-01 -0.095025 2.232476e+02 0.000000 0 0.000000 1 
277 -0.998460 3.885736e-02 -0.039604 3.496586e+03 0.043217 9.704233e-02 -0.994341 -1.472964e+03 -0.034794 -9.945217e-01 -0.098571 2.232522e+02 0.000000 0 0.000000 1 
278 -0.998943 3.609566e-02 -0.028480 3.496533e+03 0.031864 9.694538e-02 -0.994779 -1.473840e+03 -0.033146 -9.946352e-01 -0.097992 2.232593e+02 0.000000 0 0.000000 1 
279 -0.999355 3.087309e-02 -0.018368 3.496499e+03 0.021065 8.945634e-02 -0.995768 -1.474705e+03 -0.029099 -9.955124e-01 -0.090048 2.232751e+02 0.000000 0 0.000000 1 
280 -0.999472 3.176639e-02 -0.006903 3.496464e+03 0.009292 7.569582e-02 -0.997087 -1.475561e+03 -0.031151 -9.966251e-01 -0.075950 2.232946e+02 0.000000 0 0.000000 1 
281 -0.999492 3.158431e-02 0.004491 3.496440e+03 -0.002236 7.107304e-02 -0.997468 -1.476421e+03 -0.031823 -9.969712e-01 -0.070966 2.233062e+02 0.000000 0 0.000000 1 
282 -0.999359 3.236607e-02 0.015332 3.496425e+03 -0.012721 7.939924e-02 -0.996762 -1.477290e+03 -0.033478 -9.963176e-01 -0.078936 2.233169e+02 0.000000 0 0.000000 1 
283 -0.999165 3.042435e-02 0.027293 3.496426e+03 -0.024247 9.635228e-02 -0.995052 -1.478160e+03 -0.032903 -9.948824e-01 -0.095533 2.233238e+02 0.000000 0 0.000000 1 
284 -0.998697 3.212006e-02 0.039667 3.496427e+03 -0.036023 1.070232e-01 -0.993604 -1.479015e+03 -0.036160 -9.937378e-01 -0.105726 2.233284e+02 0.000000 0 0.000000 1 
285 -0.998085 3.387403e-02 0.051773 3.496435e+03 -0.047852 1.077920e-01 -0.993021 -1.479845e+03 -0.039218 -9.935964e-01 -0.105964 2.233306e+02 0.000000 0 0.000000 1 
286 -0.997441 3.446689e-02 0.062653 3.496456e+03 -0.058624 1.075693e-01 -0.992467 -1.480665e+03 -0.040947 -9.936002e-01 -0.105273 2.233247e+02 0.000000 0 0.000000 1 
287 -0.996765 3.310495e-02 0.073238 3.496490e+03 -0.069265 1.083994e-01 -0.991691 -1.481476e+03 -0.040769 -9.935563e-01 -0.105755 2.233250e+02 0.000000 0 0.000000 1 
288 -0.996037 3.041474e-02 0.083584 3.496536e+03 -0.079675 1.126338e-01 -0.990437 -1.482281e+03 -0.039538 -9.931712e-01 -0.109763 2.233215e+02 0.000000 0 0.000000 1 
289 -0.995121 2.840116e-02 0.094491 3.496588e+03 -0.090618 1.157775e-01 -0.989133 -1.483073e+03 -0.039032 -9.928693e-01 -0.112638 2.233140e+02 0.000000 0 0.000000 1 
290 -0.993951 2.909713e-02 0.105902 3.496642e+03 -0.101732 1.194027e-01 -0.987620 -1.483862e+03 -0.041382 -9.924197e-01 -0.115720 2.233051e+02 0.000000 0 0.000000 1 
291 -0.992497 3.243914e-02 0.117892 3.496704e+03 -0.113145 1.219018e-01 -0.986072 -1.484607e+03 -0.046358 -9.920122e-01 -0.117316 2.232989e+02 0.000000 0 0.000000 1 
292 -0.991071 2.819670e-02 0.130327 3.496788e+03 -0.126065 1.203545e-01 -0.984694 -1.485354e+03 -0.043450 -9.923307e-01 -0.115724 2.232919e+02 0.000000 0 0.000000 1 
293 -0.989380 2.580348e-02 0.143045 3.496881e+03 -0.139175 1.157241e-01 -0.983483 -1.486093e+03 -0.041931 -9.929464e-01 -0.110903 2.232882e+02 0.000000 0 0.000000 1 
294 -0.987541 2.440887e-02 0.155461 3.496985e+03 -0.151882 1.106894e-01 -0.982181 -1.486832e+03 -0.041182 -9.935555e-01 -0.105602 2.232840e+02 0.000000 0 0.000000 1 
295 -0.985648 2.314508e-02 0.167220 3.497097e+03 -0.163751 1.096991e-01 -0.980383 -1.487572e+03 -0.041035 -9.936956e-01 -0.104334 2.232823e+02 0.000000 0 0.000000 1 
296 -0.983912 1.937689e-02 0.177603 3.497218e+03 -0.174350 1.128432e-01 -0.978196 -1.488315e+03 -0.038995 -9.934241e-01 -0.107649 2.232765e+02 0.000000 0 0.000000 1 
297 -0.982440 1.348142e-02 0.186093 3.497346e+03 -0.183292 1.167032e-01 -0.976107 -1.489056e+03 -0.034877 -9.930756e-01 -0.112182 2.232688e+02 0.000000 0 0.000000 1 
