1 0.7384821987 -7.22072e-05 0.6742729692 3576.811653 -0.6258632994 -0.3721434964 0.6854227517 -1314.296624 0.2508768078 -0.9281752059 -0.2748665392 221.369106
54 0.9797577168 -0.1868205106 0.0719229665 3577.510073 -0.1877772906 -0.9821886486 0.0067191981 -1313.856639 0.0693866372 -0.020088686 -0.9973875572 221.3501921
57 0.9764597793 -0.2029430488 0.0730781662 3577.813835 -0.2036898939 -0.9790313447 0.0028378223 -1313.909682 0.070969899 -0.0176563033 -0.9973221788 221.3664985
59 0.9724145583 -0.220965987 0.0747258951 3578.121594 -0.2216670558 -0.9751217703 0.0011177888 -1313.974058 0.0726198538 -0.0176512233 -0.9972034853 221.3808538
61 0.9657011458 -0.2482227347 0.0762021723 3578.51473 -0.2489089252 -0.968526762 -0.0005082167 -1314.066328 0.0739299942 -0.0184766154 -0.9970922578 221.400844
62 0.9604793773 -0.2677604475 0.0760506971 3578.740864 -0.2683627722 -0.9633149921 -0.0023766392 -1314.119903 0.0738971467 -0.018126463 -0.9971011198 221.4147763
63 0.953936362 -0.2911975785 0.0721760874 3578.985307 -0.2912560083 -0.9565934242 -0.0099477799 -1314.172779 0.07193994 -0.0115321701 -0.9973422953 221.4326438
64 0.9471295452 -0.3139966636 0.0659675673 3579.243654 -0.3135081412 -0.949416771 -0.0179008465 -1314.240818 0.0682515208 -0.0037269488 -0.9976611849 221.4526964
65 0.9385159287 -0.3395736128 0.062270483 3579.512237 -0.3388847641 -0.940579142 -0.0216331753 -1314.324505 0.065916373 -0.0007994384 -0.9978248307 221.4704481
66 0.9282331751 -0.367372883 0.058483651 3579.790951 -0.3666135588 -0.9300736192 -0.0236127383 -1314.420022 0.0630687807 0.0004772276 -0.9980090687 221.4864297
67 0.9161486167 -0.3963623796 0.0597375596 3580.071298 -0.395742854 -0.9180887691 -0.0223742142 -1314.534025 0.0637126794 -0.0031426069 -0.9979633353 221.5055204
68 0.9020416632 -0.4273624028 0.0606812534 3580.358865 -0.4269845783 -0.9040439045 -0.0197177217 -1314.665017 0.0632851302 -0.0081237529 -0.9979624226 221.5244369
69 0.8858669258 -0.4599729079 0.0605368798 3580.654385 -0.4598848135 -0.8878306167 -0.0162096973 -1314.809525 0.0612025169 -0.0134803569 -0.998034334 221.5446678
70 0.8674233202 -0.4941570314 0.0581860112 3580.955896 -0.4941671812 -0.8692336049 -0.0152229155 -1314.967567 0.058099747 -0.0155489053 -0.9981896869 221.5645791
71 0.846324366 -0.5299766113 0.0534776493 3581.260827 -0.5300172451 -0.8478613587 -0.0145889123 -1315.139692 0.0530734147 -0.0159971244 -0.9984624703 221.5852474
72 0.822067915 -0.5673486517 0.0481648261 3581.565574 -0.5673715745 -0.82333386 -0.0145207222 -1315.327287 0.0478940444 -0.0153903334 -0.9987338475 221.6001901
73 0.79492365 -0.6051539713 0.0434172974 3581.862197 -0.6054444792 -0.7958511708 -0.0076089797 -1315.535269 0.0391583112 -0.0202382051 -0.9990280485 221.6207777
74 0.7666930213 -0.6408036387 0.0394018753 3582.148917 -0.6413248538 -0.7672690751 0.0007734307 -1315.768373 0.0297362232 -0.0258623858 -0.9992231453 221.6479773
75 0.7350667585 -0.6770549368 0.0356857556 3582.432041 -0.6776901117 -0.735295665 0.0087405662 -1316.016323 0.0203217379 -0.0306087834 -0.9993248368 221.6689343
76 0.7004134103 -0.7130547441 0.0312087592 3582.71517 -0.7136187777 -0.700424347 0.012408639 -1316.278258 0.0130113358 -0.0309623337 -0.9994358604 221.6848535
77 0.6640844204 -0.7470858031 0.0292350044 3582.984677 -0.747611817 -0.6639686189 0.0149078562 -1316.561158 0.0082736777 -0.0317565098 -0.9994613901 221.6921139
78 0.6249058228 -0.7801094529 0.030363698 3583.244497 -0.7806945599 -0.6245756279 0.0205253324 -1316.868468 0.0029524199 -0.0365311736 -0.9993281526 221.7012459
79 0.5832915042 -0.8116456845 0.0316591837 3583.493134 -0.8122573532 -0.5827002342 0.0264278102 -1317.199417 -0.0030022043 -0.0411305219 -0.9991492716 221.7107277
80 0.5400812734 -0.8409189483 0.0341692909 3583.732384 -0.8415829501 -0.539274464 0.0303511214 -1317.551312 -0.007096207 -0.045148365 -0.9989550886 221.7090012
81 0.495817428 -0.8677106616 0.0352602572 3583.962573 -0.8683759722 -0.4949403696 0.0309386718 -1317.924489 -0.0093940906 -0.0459590928 -0.9988991505 221.7009766
82 0.4506392153 -0.8920694723 0.0337098537 3584.185241 -0.8926247421 -0.4497667349 0.0305115371 -1318.31686 -0.01205684 -0.0438399446 -0.9989658112 221.6921027
83 0.4059639665 -0.913328264 0.032011563 3584.392833 -0.9137510216 -0.4050447097 0.0315888213 -1318.732597 -0.0158848491 -0.0420745216 -0.9989881912 221.6871499
84 0.3627537618 -0.9313763517 0.0307863567 3584.582507 -0.9316477558 -0.361717972 0.0345335755 -1319.171269 -0.021027777 -0.0412092245 -0.9989292429 221.6843525
85 0.3206984111 -0.9467037088 0.0300768503 3584.756711 -0.9468589379 -0.3195991125 0.0362568486 -1319.630616 -0.0247119584 -0.0401060483 -0.9988897957 221.6769592
86 0.2792464093 -0.9597227964 0.0308803656 3584.913639 -0.9598717186 -0.2781354386 0.0358742478 -1320.107526 -0.0258404094 -0.0396589445 -0.9988790925 221.6631378
87 0.2388814813 -0.9705043769 0.0325098807 3585.050966 -0.970709653 -0.2377795319 0.0344044141 -1320.606057 -0.0256594502 -0.0397762324 -0.9988790938 221.6474771
88 0.1992416679 -0.9793411834 0.0345485789 3585.170677 -0.9796518343 -0.1981869506 0.0316893688 -1321.124099 -0.0241876265 -0.0401594214 -0.9989004853 221.6311758
89 0.1611375669 -0.9862927044 0.0355159923 3585.272932 -0.9866599282 -0.160143951 0.0292592029 -1321.658488 -0.023170467 -0.0397569632 -0.9989406956 221.6124851
90 0.1254426211 -0.9914428619 0.0361275578 3585.357161 -0.9918330127 -0.1244794242 0.0277875485 -1322.209377 -0.023052629 -0.0393182474 -0.9989607859 221.5956928
91 0.0929335016 -0.9949526529 0.0378494747 3585.423682 -0.9953818546 -0.0919210876 0.0276672602 -1322.781049 -0.0240484491 -0.0402458957 -0.9989003654 221.5768636
92 0.0645028223 -0.997089643 0.0406402474 3585.472682 -0.9975945713 -0.0633924423 0.0280440641 -1323.370377 -0.0253861613 -0.0423514115 -0.9987802064 221.5593974
93 0.0403260588 -0.9982585631 0.0430540377 3585.504795 -0.9988042412 -0.0390812941 0.0293724386 -1323.97412 -0.0276386809 -0.0441870302 -0.9986408812 221.5438339
94 0.0200055715 -0.9988255079 0.0441291493 3585.52623 -0.9993392789 -0.0186372588 0.0312034984 -1324.592148 -0.0303444038 -0.0447242361 -0.9985384118 221.5263535
95 0.003470321 -0.9989635949 0.0453838393 3585.535377 -0.9994561251 -0.0019765697 0.0329172774 -1325.224776 -0.0327934575 -0.0454733897 -0.998427143 221.5078427
96 -0.0092213135 -0.9989020847 0.0459303002 3585.534532 -0.999349911 0.0108069231 0.0343942706 -1325.871327 -0.0348528738 -0.0455832811 -0.9983523635 221.4881685
97 -0.0192294395 -0.9987643946 0.0458248058 3585.525894 -0.9991165293 0.0209088382 0.0364551961 -1326.53215 -0.0373682953 -0.0450833079 -0.9982840807 221.4663142
98 -0.0282483141 -0.9985265058 0.0463341114 3585.510973 -0.9988606137 0.0299806877 0.0371299451 -1327.205921 -0.0384643628 -0.0452324606 -0.9982357023 221.4415039
99 -0.0369319424 -0.9982616107 0.045932431 3585.489424 -0.9985186019 0.038701275 0.038246737 -1327.891772 -0.039957893 -0.0444518605 -0.9982121012 221.4147803
100 -0.046058882 -0.9979086379 0.0453533874 3585.462659 -0.9980228378 0.0479129411 0.0406788074 -1328.586101 -0.0427667474 -0.043390096 -0.9981424272 221.3883561
101 -0.0554056546 -0.9974963463 0.0439460195 3585.430702 -0.9974029629 0.0573216267 0.0436068889 -1329.284683 -0.0460167697 -0.0414158218 -0.9980817535 221.3593036
102 -0.0647964682 -0.996931599 0.0439181592 3585.389692 -0.9966980631 0.0668138979 0.0461397235 -1329.988369 -0.0489324917 -0.0407834531 -0.9979690983 221.3314046
103 -0.074908288 -0.9961926443 0.044597801 3585.341012 -0.9958549405 0.0770469671 0.0483394488 -1330.696865 -0.0515915286 -0.0407919151 -0.9978348229 221.3021594
104 -0.0860981086 -0.9952892659 0.0445689685 3585.282725 -0.9948776749 0.0882685981 0.0492652674 -1331.409705 -0.0529672322 -0.0400990255 -0.99779083 221.271658
105 -0.0992283242 -0.9941507031 0.0426394096 3585.220348 -0.9936242551 0.1012985022 0.0494919503 -1332.127718 -0.0535217656 -0.0374565483 -0.9978639324 221.2367136
106 -0.1154883419 -0.9924822289 0.0405150364 3585.148465 -0.9918433237 0.1174368115 0.0495521601 -1332.850862 -0.053937595 -0.0344618715 -0.9979494553 221.1988517
107 -0.1341852041 -0.9901376374 0.0402714539 3585.061557 -0.9895093072 0.1360739169 0.04853061 -1333.577819 -0.053531878 -0.0333368886 -0.9980095139 221.1630664
108 -0.1533497444 -0.9872702255 0.0422061332 3584.955516 -0.9867136523 0.1553032777 0.0477185523 -1334.308288 -0.0536658567 -0.0343277401 -0.997968728 221.1263016
109 -0.1724850419 -0.9840206696 0.0441840699 3584.833405 -0.9836079391 0.1744600806 0.0455971748 -1335.041797 -0.0525769189 -0.0355949713 -0.9979822972 221.0896753
110 -0.1912718053 -0.9805118761 0.0448503891 3584.694813 -0.9801145396 0.1932543298 0.045036134 -1335.774296 -0.0528259961 -0.0353443759 -0.9979780505 221.0531417
111 -0.2110827018 -0.9764703687 0.0441555442 3584.544181 -0.9759847705 0.2130350035 0.0454952205 -1336.50856 -0.0538314112 -0.0334918846 -0.9979882128 221.016286
112 -0.2325921684 -0.9716273008 0.0429100404 3584.377303 -0.9710591677 0.2344654798 0.0454976002 -1337.243354 -0.0542676337 -0.0310858026 -0.9980424324 220.98134
113 -0.2549385927 -0.9660676271 0.0414687097 3584.196011 -0.9654052497 0.2567240579 0.0456668591 -1337.975087 -0.0547632896 -0.0283918652 -0.9980956287 220.9478499
114 -0.2773006955 -0.959910982 0.0409295844 3583.994319 -0.959249732 0.2790126697 0.0446305021 -1338.703164 -0.0542611817 -0.0268856236 -0.9981647596 220.9154913
115 -0.2996640099 -0.9532574178 0.0387527613 3583.775666 -0.9525442164 0.3012230708 0.0438654462 -1339.428798 -0.0534882877 -0.0237688232 -0.9982855534 220.8805664
116 -0.3230449685 -0.9456931914 0.0361432714 3583.540261 -0.9449307965 0.3244290835 0.0430297515 -1340.150739 -0.0524188714 -0.0202523456 -0.9984198037 220.8478651
117 -0.3479696555 -0.9368101121 0.0361100069 3583.283865 -0.9361621039 0.3492745444 0.0400974793 -1340.866998 -0.0501760303 -0.019852114 -0.9985430685 220.8171716
118 -0.3734787545 -0.9268451082 0.0383635953 3583.006297 -0.9264483857 0.3747748114 0.0351742704 -1341.574788 -0.0469788097 -0.0224050483 -0.9986445841 220.7883748
119 -0.3985793472 -0.9162289654 0.0407306634 3582.705902 -0.9161287761 0.3998283083 0.029075583 -1342.27808 -0.0429251636 -0.0257256059 -0.9987470268 220.7586974
120 -0.4232385172 -0.9049795637 0.0433721889 3582.387758 -0.9051568314 0.4244383858 0.0233059494 -1342.973718 -0.0395002298 -0.0293946576 -0.9987871074 220.7322107
121 -0.4474089074 -0.8931644001 0.0456357757 3582.049473 -0.8935820655 0.4485383953 0.0180111135 -1343.663765 -0.036556283 -0.0327209781 -0.9987957628 220.7073883
122 -0.471599486 -0.8805843101 0.0465316842 3581.688322 -0.8812610174 0.4725142792 0.0104534742 -1344.349875 -0.0311920506 -0.0360767063 -0.9988621162 220.682694
123 -0.4954045726 -0.8675309324 0.0443214471 3581.306458 -0.8683813851 0.4958969176 0.0001310062 -1345.031323 -0.0220925209 -0.0384230185 -0.9990173132 220.6587907
124 -0.5188922424 -0.8539066609 0.0399281259 3580.905387 -0.8547829807 0.518829396 -0.0127323918 -1345.710193 -0.0098436113 -0.0407366219 -0.9991214295 220.6365835
125 -0.5414364789 -0.8400831344 0.0332696062 3580.481824 -0.8407354395 0.5408561599 -0.0252692497 -1346.389687 0.003234199 -0.0416526306 -0.999126918 220.6168051
126 -0.563837745 -0.8255558013 0.0233370158 3580.041112 -0.8257283936 0.5629540482 -0.0354310544 -1347.071633 0.016112645 -0.0392474024 -0.9990996067 220.6041242
127 -0.586567964 -0.8097224728 0.0169570243 3579.577233 -0.8094726173 0.5854498148 -0.0447503767 -1347.752979 0.026307899 -0.0399753842 -0.9988542752 220.6053462
128 -0.6087946123 -0.7932125792 0.0135249468 3579.081632 -0.7926781025 0.6075177093 -0.0508297032 -1348.431854 0.0321021153 -0.0416657786 -0.9986157505 220.6138806
129 -0.6301243056 -0.7763650945 0.0141633164 3578.560749 -0.7758284041 0.6287239897 -0.0528813027 -1349.106701 0.0321503808 -0.0443100973 -0.9985003597 220.6297793
130 -0.6493476889 -0.7602322897 0.0198606282 3578.008156 -0.7600520621 0.6478631433 -0.0509333919 -1349.77658 0.0258542401 -0.0481685917 -0.9985045543 220.6553123
131 -0.6658715654 -0.7455424526 0.027955494 3577.429552 -0.7458248418 0.6642350969 -0.0503690517 -1350.438258 0.018983246 -0.0543892212 -0.9983393456 220.6818921
132 -0.6798727108 -0.7325789433 0.0331841669 3576.831683 -0.733154657 0.6780238477 -0.0526109388 -1351.09551 0.0160420095 -0.0600978681 -0.9980635752 220.6988544
133 -0.6917235158 -0.7213659739 0.0339073655 3576.219275 -0.7219856957 0.6897528226 -0.0545682962 -1351.750146 0.0159760111 -0.0622268065 -0.997934162 220.708342
134 -0.7021178815 -0.7112855164 0.0332173833 3575.591499 -0.7118424231 0.6999834152 -0.0574768057 -1352.403405 0.017630802 -0.0640010356 -0.9977940781 220.7187388
135 -0.7107786089 -0.7026090659 0.0336789201 3574.947256 -0.7031929343 0.7085333995 -0.0591618028 -1353.055755 0.0177049793 -0.0657337226 -0.9976801148 220.7321476
136 -0.7174746294 -0.6958796311 0.0313320176 3574.289498 -0.6963629469 0.7153856743 -0.0574628854 -1353.712382 0.017572775 -0.0630466185 -0.9978558621 220.7416648
137 -0.7229296555 -0.6902259152 0.0309983752 3573.616544 -0.6907395428 0.7209813649 -0.0553602333 -1354.368257 0.0158618168 -0.0614333579 -0.9979851428 220.7546793
138 -0.7272638981 -0.6856315009 0.0315700407 3572.928946 -0.6862024038 0.7253503666 -0.0547092929 -1355.025533 0.014611074 -0.0614515314 -0.9980031191 220.7657847
139 -0.7302959621 -0.6823999532 0.0315929051 3572.232252 -0.6830398468 0.7286623389 -0.0500775747 -1355.687647 0.0111523744 -0.0581506636 -0.9982455233 220.7756108
140 -0.7324618392 -0.6801215394 0.0305670706 3571.526812 -0.6807375449 0.731001055 -0.0472636492 -1356.35478 0.009800465 -0.0554269721 -0.9984146442 220.7878214
141 -0.733918285 -0.6786078989 0.0292450098 3570.814613 -0.6791773543 0.7325982265 -0.0449217104 -1357.023479 0.0090593852 -0.052831413 -0.9985623513 220.7957943
142 -0.7348334275 -0.6776574945 0.0282869937 3570.093591 -0.6781893059 0.7335840587 -0.0437457906 -1357.694391 0.0088937752 -0.0513298059 -0.998642154 220.803435
143 -0.7357198081 -0.6767124614 0.0278676966 3569.365534 -0.6772277782 0.7344939035 -0.0433732899 -1358.367681 0.0088825925 -0.0507833667 -0.9986701904 220.8094275
144 -0.7363366277 -0.6761101859 0.0261416778 3568.632522 -0.6765589175 0.7352263287 -0.0413554936 -1359.045488 0.0087408207 -0.0481379499 -0.9988024509 220.8162762
145 -0.736710841 -0.6757493575 0.0248986476 3567.897185 -0.6761489385 0.7356607844 -0.0403214991 -1359.724612 0.0089302685 -0.0465404796 -0.9988764859 220.8217909
146 -0.7364244924 -0.6760762675 0.0244917848 3567.156328 -0.6764741882 0.7354720493 -0.0382562069 -1360.406341 0.0078510904 -0.044740868 -0.9989677748 220.8274125
147 -0.7359597439 -0.6765938012 0.0241678209 3566.409973 -0.6769863461 0.7350654481 -0.0369901906 -1361.092749 0.0072624036 -0.043584576 -0.9990233442 220.8355083
148 -0.735445784 -0.6771394362 0.0245292245 3565.658815 -0.6775389918 0.7345000981 -0.0380856996 -1361.779708 0.0077726113 -0.0446294732 -0.9989733713 220.8426381
149 -0.7345791665 -0.6780955885 0.024079472 3564.902644 -0.6784659541 0.7335946162 -0.0390241992 -1362.469908 0.0087975663 -0.0450034656 -0.9989480922 220.8486743
150 -0.7334858935 -0.6792803121 0.0240146115 3564.144871 -0.67965511 0.732547838 -0.0379815281 -1363.166892 0.0082082525 -0.0441805685 -0.9989898408 220.8554959
151 -0.7326227095 -0.6801859566 0.0247190221 3563.383923 -0.6805868543 0.7316557998 -0.0384879772 -1363.869098 0.0080931657 -0.0450206077 -0.998953275 220.8643809
152 -0.7318425767 -0.6810887625 0.0229028523 3562.621412 -0.6814163238 0.7309313332 -0.0375656718 -1364.578653 0.0088451446 -0.0430985355 -0.999031671 220.870826
153 -0.7312832852 -0.6817678452 0.0204294406 3561.856509 -0.6819955109 0.7304172331 -0.0370511642 -1365.292599 0.0103382769 -0.0410276838 -0.9991045237 220.8760726
154 -0.7306229701 -0.6825332637 0.0183961815 3561.086421 -0.6826745708 0.7297677475 -0.0373425377 -1366.010987 0.0120625842 -0.0398419211 -0.999133182 220.8837964
155 -0.7300375876 -0.6831880778 0.0172965603 3560.312694 -0.6833060037 0.7292607933 -0.0356595105 -1366.734922 0.0117484491 -0.0378516265 -0.9992143055 220.8934647
156 -0.7298199066 -0.6834013457 0.0180417435 3559.53337 -0.6835638777 0.7290926536 -0.0341222445 -1367.462536 0.0101650852 -0.0372357774 -0.9992548063 220.9059446
157 -0.7299922406 -0.6831749425 0.0195787278 3558.750016 -0.6834103285 0.7293153894 -0.0323942237 -1368.196033 0.0078518544 -0.0370278367 -0.9992833871 220.9165301
158 -0.7301789533 -0.682943333 0.0206663989 3557.960935 -0.6832221056 0.7295076481 -0.0320335103 -1368.93256 0.0068007762 -0.0375099356 -0.9992731129 220.9261895
159 -0.7302307852 -0.6828475613 0.0219592423 3557.16672 -0.6831680952 0.7295054935 -0.0332127786 -1369.671269 0.006659877 -0.0392548472 -0.9992070371 220.9332615
160 -0.7303189346 -0.682727945 0.0227333855 3556.368182 -0.6830647244 0.7295026663 -0.0353333009 -1370.411866 0.0075389666 -0.0413329524 -0.9991169857 220.9395081
161 -0.7302754695 -0.6827766923 0.0226655496 3555.568248 -0.6830900533 0.7293567541 -0.0377717401 -1371.155747 0.0092583921 -0.0430663867 -0.9990293131 220.9467173
162 -0.730397531 -0.6826585149 0.0222889823 3554.769589 -0.6829333954 0.7293870482 -0.0399563671 -1371.900501 0.0110192593 -0.0444059222 -0.9989527967 220.9556941
163 -0.7304137564 -0.6826423629 0.0222519409 3553.972163 -0.6829159156 0.7294048699 -0.0399297896 -1372.647166 0.0110270919 -0.0443614722 -0.9989546852 220.9665904
164 -0.7307610224 -0.6820663686 0.0278172047 3553.173899 -0.6826031075 0.7297379104 -0.0391864736 -1373.392017 0.0064285069 -0.0476240579 -0.9988446443 220.9833602
165 -0.7309336515 -0.6818416868 0.028773446 3552.375211 -0.6824343676 0.7299969065 -0.0372538643 -1374.136089 0.0043967111 -0.0468660915 -0.9988915048 220.9957998
166 -0.7314533914 -0.6813878082 0.0262028828 3551.583971 -0.6818824279 0.7307059303 -0.0332445169 -1374.881042 0.0035058067 -0.0421841 -0.9991037038 221.0038901
167 -0.7325808867 -0.6802558745 0.0240247729 3550.786396 -0.6806403922 0.7317011586 -0.0366342875 -1375.625523 0.0073417351 -0.0431898096 -0.9990399087 221.0063107
168 -0.733731587 -0.6791053983 0.0213029635 3549.992647 -0.6793809223 0.7328961728 -0.0361214938 -1376.370316 0.0089174411 -0.040976308 -0.9991203238 221.0115751
169 -0.7348144214 -0.677979168 0.0197993385 3549.200589 -0.6781959684 0.7339970111 -0.0360363157 -1377.111237 0.0098992161 -0.039907836 -0.9991543275 221.022849
170 -0.7352749937 -0.6774969256 0.0191989415 3548.407152 -0.6776986283 0.7344958377 -0.0352197907 -1377.845954 0.0097597573 -0.0389073277 -0.9991951596 221.0347309
171 -0.7356912627 -0.6768606386 0.0248604502 3547.613053 -0.6773142984 0.7350882228 -0.0298436895 -1378.582381 0.0019253946 -0.0387940799 -0.9992453714 221.0496233
172 -0.7361397151 -0.6760795907 0.0318544657 3546.822153 -0.6767764023 0.7358562897 -0.0221183696 -1379.316484 -0.0084865307 -0.037840561 -0.9992477524 221.0661803
173 -0.7364169951 -0.6755751773 0.0358913515 3546.033198 -0.67639319 0.7362921729 -0.0191334453 -1380.047117 -0.0135004404 -0.03836686 -0.9991725187 221.0664846
174 -0.7369344592 -0.6751657801 0.0328446667 3545.248142 -0.6759093362 0.7366233441 -0.0230785227 -1380.772843 -0.0086123195 -0.0392073755 -0.99919398 221.0526912
175 -0.7371509075 -0.6750504014 0.0302571511 3544.460638 -0.6757206504 0.7366144007 -0.0282988905 -1381.495641 -0.0031846759 -0.0413059347 -0.9991414703 221.0422421
176 -0.7370236574 -0.6751412895 0.0313108229 3543.670441 -0.6758667619 0.7361979714 -0.0348807538 -1382.215156 0.0004984728 -0.0468698853 -0.9989008787 221.0374141
177 -0.7359685746 -0.6762683002 0.0318031986 3542.883055 -0.6770152874 0.7352074713 -0.0334705065 -1382.936739 -0.0007469067 -0.0461644926 -0.9989335722 221.040286
178 -0.7349689601 -0.6772263826 0.0344246196 3542.096861 -0.6780749786 0.734435967 -0.0286030375 -1383.662557 -0.0059119472 -0.0443648179 -0.9989979038 221.0408185
179 -0.7337645094 -0.6783496991 0.0378329285 3541.310595 -0.6792779196 0.7335624072 -0.0216264319 -1384.389904 -0.0130825305 -0.0415677811 -0.9990500323 221.0407735
180 -0.732674305 -0.6797187221 0.0342172707 3540.535997 -0.6803825162 0.7327453383 -0.0128023733 -1385.122724 -0.0163705328 -0.0326608027 -0.999332416 221.0326295
181 -0.7309323347 -0.6816877833 0.0322441961 3539.761634 -0.6821578854 0.7311857005 -0.0053000697 -1385.85533 -0.0199635024 -0.025869625 -0.9994659679 221.0153709
182 -0.7283925022 -0.6842804334 0.0347080847 3538.981573 -0.6848504538 0.7286513633 -0.0068590625 -1386.579341 -0.020596571 -0.0287659373 -0.9993739551 221.0036092
183 -0.7244967044 -0.6883782793 0.0352117874 3538.204273 -0.6890511822 0.7246235554 -0.0113653537 -1387.303794 -0.017691628 -0.032496885 -0.9993152449 220.9860062
184 -0.7181576242 -0.6948309943 0.0382036152 3537.428899 -0.6957107938 0.7181119819 -0.017368732 -1388.029367 -0.0153661405 -0.0390521548 -0.9991190174 220.967981
185 -0.7105392772 -0.7023602823 0.0427079546 3536.657136 -0.7035054347 0.7103379416 -0.0223631851 -1388.759981 -0.0146300676 -0.0459351996 -0.9988372833 220.9576689
186 -0.702198439 -0.7105786083 0.0446698288 3535.895661 -0.7118557744 0.7018695034 -0.0253092223 -1389.501182 -0.0133681986 -0.049570572 -0.9986811552 220.9431716
187 -0.6933725023 -0.7192865996 0.0431434881 3535.147192 -0.7204412181 0.6931681276 -0.0219635638 -1390.259558 -0.0141075937 -0.0463112784 -0.9988274332 220.9272872
188 -0.6843417145 -0.7277603372 0.0451808513 3534.408387 -0.7289683672 0.6842717153 -0.0194252194 -1391.025967 -0.0167790744 -0.0462288994 -0.9987899436 220.9190795
189 -0.6746748505 -0.7366752669 0.0460803337 3533.679101 -0.7378715738 0.6747401005 -0.0164723224 -1391.803582 -0.0189574964 -0.04511483 -0.998801915 220.9044418
190 -0.6640316112 -0.7459873021 0.0506454773 3532.954043 -0.7473894771 0.6641934626 -0.0160004309 -1392.588545 -0.0217022767 -0.0484766887 -0.9985885148 220.8845385
191 -0.6531164298 -0.7556698907 0.0490096451 3532.240837 -0.7569926894 0.6532306856 -0.0158663043 -1393.386491 -0.0200249157 -0.0474624871 -0.9986722761 220.8707609
192 -0.6428454061 -0.7648229616 0.0423747714 3531.543818 -0.7659492962 0.6424324191 -0.0245410404 -1394.19317 -0.0084533757 -0.0482330214 -0.9988003384 220.8482806
193 -0.6323571262 -0.7738787506 0.0351588427 3530.85552 -0.7746690462 0.6314932802 -0.0332280889 -1395.010644 0.003511939 -0.048248486 -0.9988291895 220.827367
194 -0.6218965068 -0.7823920369 0.0332781521 3530.172278 -0.7830832308 0.6210484333 -0.0328557016 -1395.846233 0.0050386951 -0.0464924089 -0.9989059352 220.8264485
195 -0.6111154778 -0.7907435803 0.0355311551 3529.497819 -0.7915407375 0.6104385395 -0.0287758653 -1396.691735 0.0010647443 -0.0457097334 -0.9989541964 220.8382565
196 -0.6004113109 -0.7989985196 0.0332809752 3528.836527 -0.7996886242 0.5997803934 -0.0275968101 -1397.545403 0.002088534 -0.0431838542 -0.9990649592 220.841122
197 -0.591547517 -0.8057744491 0.0282678662 3528.186888 -0.8062251251 0.5907803669 -0.0312986543 -1398.410187 0.0085195555 -0.0413049052 -0.9991102652 220.8394992
198 -0.5849283594 -0.8106914505 0.025262352 3527.547131 -0.8109921262 0.5841064251 -0.0333384968 -1399.283673 0.0122713322 -0.0399882008 -0.9991247961 220.8445213
199 -0.5795150999 -0.814735531 0.0191901942 3526.918392 -0.814812207 0.5787975768 -0.0327785367 -1400.164894 0.0155986006 -0.0346320614 -0.9992783916 220.8567407
200 -0.5744974733 -0.8183537861 0.0158029733 3526.293137 -0.8183046999 0.5738203278 -0.03328137 -1401.049653 0.0181678678 -0.0320517103 -0.9993210778 220.8739129
201 -0.5699837374 -0.8215092404 0.0155276219 3525.669709 -0.8215252456 0.5694541835 -0.0286042599 -1401.94058 0.0146563945 -0.0290602964 -0.9994702043 220.8911617
202 -0.5670786603 -0.8234924287 0.0167932392 3525.047388 -0.8236095928 0.5666900157 -0.0230144483 -1402.839785 0.0094356629 -0.0268820755 -0.9995940788 220.9119643
203 -0.5653672972 -0.8247284539 0.0135202308 3524.433129 -0.8248311865 0.5652132403 -0.0136933125 -1403.745861 0.003651451 -0.0188936591 -0.9998148311 220.9239512
204 -0.5639620227 -0.8257532126 0.0088582652 3523.819333 -0.8257920033 0.56387432 -0.0106451209 -1404.650808 0.0037952945 -0.0133185285 -0.9999041017 220.9323759
205 -0.5614684216 -0.8274842868 0.0047923551 3523.206355 -0.8274429993 0.5613547054 -0.0147978928 -1405.554275 0.0095548127 -0.0122739503 -0.9998790205 220.9344433
206 -0.5578961279 -0.8298998354 0.0042630576 3522.595785 -0.8297696949 0.5576992082 -0.0213036777 -1406.460527 0.0153024148 -0.0154225953 -0.999763962 220.9402242
207 -0.5528458833 -0.8332560174 0.0067704345 3521.984557 -0.8331245625 0.5525634793 -0.0240221718 -1407.368577 0.0162755243 -0.0189211741 -0.9996884997 220.9559644
208 -0.5475798697 -0.8367122046 0.008305001 3521.379518 -0.8366754861 0.5473664389 -0.019081733 -1408.284787 0.01142004 -0.0173973636 -0.9997834338 220.9793804
209 -0.5421007194 -0.8402491132 0.010403736 3520.779947 -0.8402573223 0.5418797371 -0.0182751964 -1409.201665 0.0097181439 -0.0186488125 -0.9997788653 220.9926312
210 -0.5366936619 -0.8437038574 0.0111226949 3520.184371 -0.8437027955 0.5364247077 -0.0203500815 -1410.12512 0.011202954 -0.0203060085 -0.9997310438 221.0027888
211 -0.5308717514 -0.8474254526 0.0067294735 3519.597159 -0.8472663648 0.5305723453 -0.0251533998 -1411.05318 0.0177451587 -0.0190548859 -0.9996609529 221.01079
212 -0.5239427736 -0.8517119909 0.0084056252 3519.008714 -0.8515575651 0.5235851135 -0.0266146993 -1411.984278 0.0182669983 -0.0211024531 -0.9996104257 221.0295576
213 -0.5164687029 -0.8562271083 0.0116283261 3518.426118 -0.8561407793 0.5160545987 -0.026657404 -1412.920364 0.0168239408 -0.023723199 -0.999576993 221.0499755
214 -0.5082422161 -0.8611075688 0.0135500855 3517.852193 -0.8610829598 0.5078272419 -0.0254485508 -1413.864005 0.0150328371 -0.0246017756 -0.9995842968 221.070724
215 -0.49964553 -0.8661516538 0.01164719 3517.290669 -0.8661188192 0.499320879 -0.0227343559 -1414.815133 0.0138757149 -0.0214469698 -0.9996736928 221.0883516
216 -0.4917389204 -0.8706292409 0.0140555693 3516.737186 -0.8706518918 0.4913904715 -0.0223760552 -1415.771223 0.0125744751 -0.0232406853 -0.9996508156 221.1045252
217 -0.4837450113 -0.8750719292 0.0154881492 3516.191384 -0.8751134372 0.4833549757 -0.0233332272 -1416.730475 0.0129319782 -0.0248412197 -0.9996077619 221.1205357
218 -0.4757941143 -0.8793945975 0.0168849862 3515.656198 -0.8794623731 0.4753743071 -0.0237739846 -1417.692964 0.012880025 -0.026161232 -0.999574757 221.1346608
219 -0.4682848101 -0.8832237624 0.0250024435 3515.121126 -0.883499035 0.4676783924 -0.0265777421 -1418.65456 0.0117809908 -0.0345355876 -0.999334029 221.1550406
220 -0.4610519026 -0.8868698175 0.0298842744 3514.596742 -0.8873335607 0.4604516134 -0.0249692548 -1419.618082 0.0083842161 -0.038029442 -0.9992414455 221.1775158
221 -0.4543479447 -0.8903142669 0.0301405271 3514.088332 -0.8907875233 0.453761592 -0.0244541609 -1420.583805 0.0080952747 -0.0379595033 -0.9992464874 221.1906431
222 -0.448673315 -0.8931602978 0.0309344294 3513.592608 -0.8936529219 0.4480436859 -0.0253241136 -1421.546739 0.008758517 -0.0390068972 -0.9992005556 221.2026748
223 -0.4433605002 -0.8959235066 0.027432412 3513.111974 -0.8962937459 0.4428061789 -0.0240875283 -1422.509103 0.0094333413 -0.0352669579 -0.9993334047 221.2173323
224 -0.4383294853 -0.8983532395 0.028787488 3512.637889 -0.8987892876 0.4378531337 -0.0215046443 -1423.467526 0.006714075 -0.0353000055 -0.9993542069 221.2297215
225 -0.4337382483 -0.9006034397 0.0280102912 3512.174219 -0.9010382531 0.4334905319 -0.0146977936 -1424.423111 0.0010946874 -0.0316133391 -0.999499574 221.2449375
226 -0.4311123847 -0.9018612407 0.0280787168 3511.719198 -0.9022976197 0.4309397484 -0.0122449462 -1425.37427 -0.0010569927 -0.0306143073 -0.9995307134 221.2547376
227 -0.4285977213 -0.9031155752 0.0261963965 3511.269986 -0.9034928805 0.4283474276 -0.0148018974 -1426.316851 0.002146665 -0.0300123173 -0.9995472238 221.2587588
228 -0.4271893883 -0.903832097 0.0244288125 3510.826041 -0.9041440886 0.4268540406 -0.0178632296 -1427.254292 0.0057178229 -0.0297181486 -0.9995419642 221.2621786
229 -0.4261717694 -0.9043760135 0.0219465085 3510.386436 -0.9046051985 0.4258092837 -0.0193878496 -1428.194482 0.0081888791 -0.0281154799 -0.9995711391 221.2698487
230 -0.4252736598 -0.90482686 0.0207525349 3509.948885 -0.9050209142 0.4249153977 -0.0195971855 -1429.129621 0.0089139882 -0.0271156449 -0.9995925583 221.2825608
231 -0.4244733714 -0.9052390096 0.019096925 3509.512322 -0.9053774428 0.424100672 -0.0207438206 -1430.058795 0.0106790969 -0.0260951246 -0.9996024216 221.2901473
232 -0.4242372896 -0.905438938 0.0142496158 3509.087513 -0.9054994796 0.423992649 -0.0173472183 -1430.983703 0.0096651145 -0.0202623566 -0.9997479795 221.3038701
233 -0.424340378 -0.9054149389 0.0126107878 3508.663749 -0.9054319991 0.4240919668 -0.0184091991 -1431.895846 0.01131983 -0.0192299773 -0.9997510037 221.3176739
234 -0.4249468404 -0.9051296124 0.0126715286 3508.243663 -0.9051330353 0.4246730429 -0.0196721889 -1432.798762 0.0124246241 -0.0198290536 -0.9997261812 221.332206
235 -0.4247045387 -0.9052811365 0.0095978516 3507.825876 -0.9051583645 0.4243915836 -0.0240856569 -1433.69367 0.0177310435 -0.0189168635 -0.9996638247 221.3477852
236 -0.4235008483 -0.9057859496 0.0141012401 3507.406939 -0.9057102812 0.42304793 -0.0268204303 -1434.583481 0.0183280685 -0.0241301132 -0.9995408043 221.3624827
237 -0.4199635494 -0.9073210066 0.0199801938 3506.984623 -0.9073728913 0.4193603029 -0.0284846027 -1435.466018 0.0174657783 -0.0300919811 -0.9993945263 221.3852498
238 -0.4148483121 -0.9095388528 0.0252972977 3506.571451 -0.9098416879 0.4143774269 -0.021896372 -1436.349506 0.009432972 -0.032100209 -0.9994401411 221.4099512
239 -0.4082567889 -0.9124161268 0.028691563 3506.16486 -0.9128049651 0.4076605121 -0.0244949512 -1437.231187 0.0106531712 -0.0361900313 -0.9992881424 221.4270798
240 -0.4001945969 -0.9159525568 0.0295837524 3505.769229 -0.9163616091 0.3995611814 -0.025144853 -1438.114223 0.0112109734 -0.0371722493 -0.9992459847 221.4409913
241 -0.3916263739 -0.9197291999 0.0269626055 3505.386914 -0.9199909522 0.3909025295 -0.0284931631 -1438.99926 0.0156662435 -0.0359640272 -0.9992302825 221.4460127
242 -0.3824983991 -0.9234873593 0.0294291007 3505.010483 -0.9238434831 0.3817603059 -0.0277900633 -1439.884634 0.0144289096 -0.0378175376 -0.9991804844 221.465239
243 -0.3727192815 -0.9274021882 0.0317099121 3504.641585 -0.9278233773 0.3719018168 -0.028858606 -1440.771265 0.0149705604 -0.0401773567 -0.9990804083 221.482268
244 -0.3623729795 -0.9314117772 0.0340282956 3504.281792 -0.9318740009 0.3613948365 -0.031695719 -1441.659292 0.0172241156 -0.0431957561 -0.998918143 221.4970401
245 -0.3516746302 -0.9352866428 0.0395455472 3503.927312 -0.935962047 0.3505189345 -0.0333395134 -1442.549298 0.0173205385 -0.0487377923 -0.9986614174 221.5148502
246 -0.3413297449 -0.9389299527 0.0436411415 3503.585587 -0.9397560702 0.3399661566 -0.0357986149 -1443.441488 0.0187758806 -0.0532311597 -0.998405684 221.5354293
247 -0.3309477868 -0.9428208061 0.0395283433 3503.261362 -0.9433226816 0.3294413098 -0.0401340467 -1444.336753 0.0248169451 -0.0505702567 -0.9984121235 221.5581329
248 -0.3208451661 -0.946609332 0.0314507867 3502.95002 -0.9463922217 0.3191059876 -0.0501311416 -1445.234877 0.0374184721 -0.0458491144 -0.9982473224 221.5745032
249 -0.3112324039 -0.9500000752 0.0251842772 3502.648658 -0.9492437414 0.3094972952 -0.0561047563 -1446.140512 0.045505057 -0.0413676356 -0.9981072129 221.5988298
250 -0.3030907781 -0.9527156204 0.0216547206 3502.357404 -0.9518774258 0.3015840806 -0.0545564712 -1447.050907 0.0454460832 -0.037148203 -0.9982758459 221.6386762
251 -0.2957589184 -0.9550694225 0.019210944 3502.073216 -0.9543240299 0.2945172975 -0.0502514421 -1447.95664 0.0423356604 -0.0331957776 -0.9985518175 221.6884756
252 -0.2897895057 -0.9569704404 0.0151531685 3501.795022 -0.955859606 0.2885778855 -0.0552740224 -1448.86053 0.0485227362 -0.0305021333 -0.998356231 221.727472
253 -0.2856482768 -0.9582603216 0.0119255162 3501.521552 -0.9568453562 0.2844888636 -0.0592709944 -1449.769133 0.0534043656 -0.0283415322 -0.9981706925 221.7631193
254 -0.2840685443 -0.9587168369 0.012926282 3501.250358 -0.9573449688 0.2828670424 -0.0589647947 -1450.678274 0.0528741223 -0.0291249544 -0.9981763693 221.8120258
255 -0.283734333 -0.9588191091 0.0126785002 3500.98304 -0.9576763263 0.282678067 -0.0543062109 -1451.589139 0.0484858988 -0.027550436 -0.9984438347 221.8690223
256 -0.2835437627 -0.9588214473 0.0162593594 3500.713844 -0.9579159727 0.2824038622 -0.0514300289 -1452.497505 0.0447205089 -0.030157764 -0.9985442331 221.9158289
257 -0.2824570699 -0.9590795596 0.0196061758 3500.440086 -0.9582984592 0.2811848203 -0.0509819576 -1453.402158 0.0433827944 -0.0331887824 -0.9985071046 221.9587105
258 -0.2803182829 -0.9596526742 0.0220998921 3500.170367 -0.9589998664 0.2789783731 -0.0499031419 -1454.304305 0.0417242916 -0.0351825566 -0.9985095248 222.0035367
259 -0.2752847949 -0.9610462557 0.0246652823 3499.90062 -0.9604615553 0.2738255795 -0.0503304364 -1455.206749 0.0416158923 -0.0375452593 -0.9984279999 222.0392244
260 -0.2685012833 -0.9629212075 0.0262642139 3499.640262 -0.9624124102 0.2670034208 -0.0497144452 -1456.108856 0.0408584587 -0.0386253977 -0.9984180813 222.0812977
261 -0.2606973655 -0.9650878084 0.0253457241 3499.3889 -0.9646514339 0.2593521264 -0.0467342013 -1457.013053 0.0385291405 -0.0366332723 -0.9985857543 222.1202497
262 -0.2524969287 -0.967379444 0.0205502376 3499.148765 -0.9667757639 0.2513503226 -0.0465578963 -1457.920832 0.039873843 -0.0316231975 -0.9987041854 222.1550204
263 -0.2442031887 -0.9695509051 0.0183260786 3498.914028 -0.9688160438 0.2431133052 -0.0478685076 -1458.827789 0.0419556414 -0.0294442411 -0.9986855165 222.1917072
264 -0.2351068179 -0.9718313575 0.0163889223 3498.688248 -0.9709181073 0.2340350239 -0.0504543 -1459.736623 0.045197489 -0.0277744513 -0.998591892 222.2269247
265 -0.2263008089 -0.9738296505 0.0210655081 3498.467625 -0.9730719003 0.2250463421 -0.0498519877 -1460.646611 0.0438066282 -0.0317797991 -0.9985344379 222.2677115
266 -0.2159117302 -0.9760616341 0.0261879964 3498.25292 -0.9756108802 0.2145699342 -0.0462942097 -1461.557433 0.0395668453 -0.0355447572 -0.9985845157 222.3136672
267 -0.204230291 -0.9784049661 0.0318388218 3498.048289 -0.9782569815 0.2027839574 -0.043496492 -1462.464449 0.0361007814 -0.040029851 -0.9985461154 222.3555626
268 -0.1913800634 -0.9808014287 0.0374463447 3497.854803 -0.9808819064 0.1897460256 -0.0432103172 -1463.370187 0.0352754458 -0.0450000353 -0.9983639816 222.3923426
269 -0.178497203 -0.9832144333 0.0377905619 3497.678848 -0.9832965842 0.1768596001 -0.0429942946 -1464.27159 0.0355889874 -0.0448336918 -0.9983603378 222.4219404
270 -0.1660427763 -0.9855107488 0.0346173416 3497.520602 -0.9854994982 0.1645925769 -0.0412313301 -1465.173346 0.0349361615 -0.0409615373 -0.9985497569 222.4549068
271 -0.1535760516 -0.9875200696 0.0349071402 3497.373296 -0.9876580703 0.1523062945 -0.0365284654 -1466.07117 0.0307560155 -0.0400862162 -0.9987227657 222.4848746
272 -0.1410801747 -0.9895223318 0.0306910275 3497.241083 -0.9897739702 0.1403206916 -0.025643545 -1466.966783 0.0210682742 -0.0339949759 -0.9991999146 222.5173052
273 -0.1291377657 -0.9912248205 0.028227516 3497.12262 -0.9915302784 0.1286760097 -0.017612255 -1467.861921 0.0138255002 -0.030262844 -0.9994463546 222.549629
274 -0.1170678586 -0.9927353391 0.0277788219 3497.012925 -0.9930852218 0.1167705755 -0.0120985492 -1468.748345 0.0087669083 -0.0290030887 -0.9995408757 222.565863
275 -0.1048213286 -0.9940663091 0.0290630716 3496.911787 -0.9944627651 0.1045530874 -0.0106047493 -1469.632678 0.0075031901 -0.0300137464 -0.999521324 222.5783518
276 -0.0925175402 -0.9953058923 0.0284022089 3496.822482 -0.9956961776 0.0923225833 -0.0081032409 -1470.514782 0.0054430381 -0.0290296628 -0.9995637308 222.5893871
277 -0.0810528869 -0.9961736007 0.0326892471 3496.738891 -0.9967083243 0.0809526852 -0.0043793958 -1471.397263 0.0017163562 -0.0329366074 -0.999455969 222.6000088
278 -0.06973222 -0.9970817519 0.0310708465 3496.667543 -0.9975629404 0.0696243221 -0.0045424365 -1472.27175 0.002365894 -0.0313118791 -0.9995068628 222.6059888
279 -0.0591644951 -0.9978856954 0.0269016978 3496.614487 -0.9981929688 0.0588561313 -0.0121141609 -1473.140692 0.010505218 -0.0275698138 -0.9995646781 222.6089347
280 -0.0478620872 -0.9984341954 0.0289547587 3496.562713 -0.9985520731 0.0471148804 -0.0259604558 -1474.005148 0.0245556069 -0.0301553559 -0.9992435522 222.6065672
281 -0.0365179699 -0.9988846671 0.029930916 3496.521506 -0.9988968737 0.0356008946 -0.0306204524 -1474.867891 0.029520733 -0.0310160952 -0.9990828435 222.6104421
282 -0.0258144958 -0.99916051 0.0318101722 3496.491185 -0.9994362004 0.025112103 -0.0222859523 -1475.730421 0.0214684232 -0.0323675382 -0.99924544 222.633744
283 -0.0137202116 -0.9994222996 0.0310937767 3496.471958 -0.999894137 0.0135627489 -0.0052693972 -1476.588755 0.004844636 -0.0311627822 -0.9995025815 222.6666691
284 -0.001572778 -0.99941928 0.0340386419 3496.455881 -0.9999834878 0.0017599833 0.0054705242 -1477.436073 -0.0055272548 -0.0340294759 -0.9994055454 222.68761
285 0.0103061055 -0.999261588 0.0370143615 3496.447677 -0.999929522 -0.0100806902 0.0062714214 -1478.266115 -0.0058936602 -0.0370763868 -0.9992950547 222.6905152
286 0.0210865062 -0.999027951 0.0387106224 3496.452418 -0.9997637577 -0.0208662498 0.006085097 -1479.08605 -0.0052714364 -0.0388297907 -0.9992319347 222.6836903
287 0.0317725915 -0.99875596 0.0384322099 3496.469231 -0.9994785915 -0.0315274108 0.006969041 -1479.896636 -0.0057487032 -0.0386335955 -0.9992369077 222.6846997
288 0.042359033 -0.9984241882 0.0368083232 3496.497797 -0.9990551114 -0.0419696262 0.0112887086 -1480.699693 -0.0097260881 -0.0372517223 -0.9992585813 222.6875103
289 0.0534407021 -0.9979249547 0.0359148462 3496.53167 -0.9984915845 -0.052948216 0.0145272877 -1481.490888 -0.0125955159 -0.0366370201 -0.9992492591 222.6845376
290 0.0647579647 -0.9971860104 0.0377685944 3496.569358 -0.9977760171 -0.0641044615 0.0182657551 -1482.2784 -0.01579322 -0.0388674508 -0.9991195601 222.6806955
291 0.0763930098 -0.9961795149 0.0423140903 3496.615649 -0.9969222653 -0.0755627659 0.020886965 -1483.022447 -0.017609797 -0.0437794769 -0.9988860057 222.6775649
292 0.0892395069 -0.9952322043 0.0393594973 3496.67688 -0.9958835119 -0.0885282051 0.0194624649 -1483.772617 -0.0158852462 -0.0409342952 -0.9990355561 222.6677484
293 0.1021898434 -0.9940283437 0.0382738521 3496.749335 -0.9947043992 -0.1016835763 0.0149535469 -1484.515521 -0.0109724273 -0.0395992697 -0.9991553952 222.6562544
294 0.1147436037 -0.9926622739 0.0381512183 3496.833029 -0.9933792853 -0.1144401395 0.010052366 -1485.259934 -0.0056125738 -0.0390520746 -0.9992214141 222.6434992
295 0.1266328592 -0.9912179948 0.0380920693 3496.92707 -0.9919401965 -0.1263705469 0.0092266744 -1486.002499 -0.0043319301 -0.0389534548 -0.9992316362 222.6398008
296 0.1374038525 -0.9898822724 0.0354015266 3497.029266 -0.9904861235 -0.1370386257 0.0125560411 -1486.746219 -0.007577626 -0.0367899692 -0.9992942899 222.6390819
297 0.1464976416 -0.9887437351 0.0304017663 3497.139668 -0.9891386656 -0.1460460194 0.0165909776 -1487.486084 -0.0119641682 -0.0325021017 -0.9994000561 222.6382131
298 0.1528278862 -0.9879082664 0.0260939518 3497.255373 -0.9880743419 -0.1522452169 0.0230323409 -1488.224462 -0.0187811606 -0.0293027483 -0.9993941249 222.6363033
299 0.1564303785 -0.9873896777 0.0243138031 3497.370626 -0.9874449425 -0.1557971336 0.0260717981 -1488.953605 -0.0219550035 -0.0280869631 -0.9993643481 222.6306162
300 0.1583006307 -0.9870209422 0.0270290573 3497.481904 -0.9870876713 -0.1575142683 0.029106432 -1489.675994 -0.0244711958 -0.0312876158 -0.9992108114 222.6262692
301 0.1597580525 -0.9866540183 0.0314835338 3497.589445 -0.9869457555 -0.1589842249 0.0257311483 -1490.384942 -0.0203823557 -0.0351832982 -0.9991730056 222.610477
302 0.1601755227 -0.9864602626 0.0352129558 3497.695917 -0.9869459809 -0.1594441647 0.0226977781 -1491.085701 -0.0167759559 -0.0383889137 -0.9991220439 222.5971034
