1 0.087887 6.604073e-02 -0.993939 2.698637e+03 0.994915 -5.510903e-02 0.084311 -2.978319e+03 -0.049207 -9.962942e-01 -0.070547 2.179195e+02 0.000000 0 0.000000 1 
35 0.055516 7.046404e-02 -0.995968 2.698850e+03 0.997614 -4.492317e-02 0.052429 -2.978411e+03 -0.041047 -9.965025e-01 -0.072789 2.179101e+02 0.000000 0 0.000000 1 
42 0.020169 6.926420e-02 -0.997394 2.699076e+03 0.999059 -3.973161e-02 0.017444 -2.978488e+03 -0.038420 -9.968071e-01 -0.070000 2.179069e+02 0.000000 0 0.000000 1 
62 -0.020108 6.431324e-02 -0.997727 2.699306e+03 0.997842 -6.111077e-02 -0.024049 -2.978507e+03 -0.062518 -9.960571e-01 -0.062945 2.179188e+02 0.000000 0 0.000000 1 
65 -0.072150 6.257040e-02 -0.995429 2.699532e+03 0.995636 -5.471949e-02 -0.075604 -2.978590e+03 -0.059200 -9.965396e-01 -0.058349 2.179155e+02 0.000000 0 0.000000 1 
67 -0.121721 4.775951e-02 -0.991414 2.699799e+03 0.992117 -2.415275e-02 -0.122971 -2.978719e+03 -0.029818 -9.985670e-01 -0.044442 2.178943e+02 0.000000 0 0.000000 1 
69 -0.185203 4.639081e-02 -0.981605 2.700081e+03 0.982104 -2.607605e-02 -0.186529 -2.978768e+03 -0.034249 -9.985832e-01 -0.040730 2.178898e+02 0.000000 0 0.000000 1 
71 -0.248927 5.371095e-02 -0.967032 2.700370e+03 0.967782 -2.526167e-02 -0.250522 -2.978805e+03 -0.037884 -9.982372e-01 -0.045691 2.178854e+02 0.000000 0 0.000000 1 
73 -0.315294 5.109111e-02 -0.947618 2.700695e+03 0.948715 -7.262492e-03 -0.316050 -2.978865e+03 -0.023029 -9.986678e-01 -0.046180 2.178660e+02 0.000000 0 0.000000 1 
75 -0.382744 4.847160e-02 -0.922582 2.701038e+03 0.923753 5.245363e-03 -0.382954 -2.978887e+03 -0.013723 -9.988110e-01 -0.046783 2.178496e+02 0.000000 0 0.000000 1 
77 -0.453424 4.833186e-02 -0.889983 2.701392e+03 0.891265 1.626498e-02 -0.453193 -2.978878e+03 -0.007428 -9.986991e-01 -0.050451 2.178283e+02 0.000000 0 0.000000 1 
79 -0.517969 4.280165e-02 -0.854328 2.701763e+03 0.855292 4.174719e-02 -0.516462 -2.978875e+03 0.013561 -9.982112e-01 -0.058231 2.177986e+02 0.000000 0 0.000000 1 
81 -0.577514 4.077435e-02 -0.815362 2.702088e+03 0.816375 2.513375e-02 -0.576975 -2.978762e+03 -0.003032 -9.988524e-01 -0.047802 2.177942e+02 0.000000 0 0.000000 1 
83 -0.629100 4.374814e-02 -0.776093 2.702374e+03 0.777158 1.467084e-02 -0.629135 -2.978643e+03 -0.016137 -9.989351e-01 -0.043228 2.177732e+02 0.000000 0 0.000000 1 
85 -0.674085 3.548357e-02 -0.737802 2.702643e+03 0.738578 1.802204e-02 -0.673927 -2.978552e+03 -0.010616 -9.992080e-01 -0.038355 2.177537e+02 0.000000 0 0.000000 1 
87 -0.707254 3.063067e-02 -0.706296 2.702856e+03 0.706900 1.755332e-02 -0.707096 -2.978455e+03 -0.009261 -9.993769e-01 -0.034067 2.177475e+02 0.000000 0 0.000000 1 
90 -0.741391 2.918757e-02 -0.670439 2.703068e+03 0.671033 2.111964e-02 -0.741127 -2.978356e+03 -0.007472 -9.993510e-01 -0.035243 2.177358e+02 0.000000 0 0.000000 1 
101 -0.770549 4.962319e-02 -0.635447 2.703221e+03 0.636826 1.830093e-02 -0.770791 -2.978230e+03 -0.026620 -9.986006e-01 -0.045702 2.177129e+02 0.000000 0 0.000000 1 
112 -0.774528 3.963881e-02 -0.631297 2.703082e+03 0.632048 9.113555e-03 -0.774875 -2.978405e+03 -0.024961 -9.991727e-01 -0.032112 2.177254e+02 0.000000 0 0.000000 1 
114 -0.775830 3.903565e-02 -0.629733 2.702905e+03 0.630463 9.068497e-03 -0.776166 -2.978610e+03 -0.024587 -9.991969e-01 -0.031645 2.177431e+02 0.000000 0 0.000000 1 
116 -0.778604 3.734260e-02 -0.626404 2.702680e+03 0.627134 1.148011e-02 -0.778826 -2.978886e+03 -0.021892 -9.992368e-01 -0.032357 2.177643e+02 0.000000 0 0.000000 1 
117 -0.780384 3.893322e-02 -0.624088 2.702545e+03 0.624858 1.096491e-02 -0.780662 -2.979041e+03 -0.023550 -9.991819e-01 -0.032884 2.177767e+02 0.000000 0 0.000000 1 
118 -0.782285 4.001657e-02 -0.621634 2.702398e+03 0.622410 9.784561e-03 -0.782630 -2.979210e+03 -0.025235 -9.991513e-01 -0.032560 2.177914e+02 0.000000 0 0.000000 1 
119 -0.783792 3.983515e-02 -0.619745 2.702245e+03 0.620478 8.389736e-03 -0.784179 -2.979391e+03 -0.026038 -9.991713e-01 -0.031292 2.178078e+02 0.000000 0 0.000000 1 
120 -0.784808 3.845912e-02 -0.618545 2.702082e+03 0.619246 8.839512e-03 -0.785147 -2.979588e+03 -0.024728 -9.992213e-01 -0.030752 2.178229e+02 0.000000 0 0.000000 1 
121 -0.785038 3.702880e-02 -0.618341 2.701910e+03 0.619026 1.000972e-02 -0.785307 -2.979797e+03 -0.022889 -9.992643e-01 -0.030779 2.178364e+02 0.000000 0 0.000000 1 
122 -0.784444 3.454853e-02 -0.619238 2.701728e+03 0.619882 1.165384e-02 -0.784609 -2.980018e+03 -0.019890 -9.993353e-01 -0.030557 2.178505e+02 0.000000 0 0.000000 1 
123 -0.782787 3.371915e-02 -0.621376 2.701534e+03 0.621991 1.146406e-02 -0.782940 -2.980242e+03 -0.019276 -9.993658e-01 -0.029946 2.178695e+02 0.000000 0 0.000000 1 
124 -0.779558 3.359257e-02 -0.625429 2.701326e+03 0.626029 1.083698e-02 -0.779724 -2.980472e+03 -0.019415 -9.993771e-01 -0.029477 2.178907e+02 0.000000 0 0.000000 1 
125 -0.774770 3.291936e-02 -0.631386 2.701107e+03 0.631937 9.211632e-03 -0.774965 -2.980705e+03 -0.019695 -9.994158e-01 -0.027939 2.179127e+02 0.000000 0 0.000000 1 
126 -0.768061 3.159418e-02 -0.639597 2.700877e+03 0.640088 7.878696e-03 -0.768261 -2.980942e+03 -0.019233 -9.994700e-01 -0.026274 2.179359e+02 0.000000 0 0.000000 1 
127 -0.758793 2.811844e-02 -0.650725 2.700639e+03 0.651136 8.209303e-03 -0.758917 -2.981185e+03 -0.015997 -9.995711e-01 -0.024537 2.179597e+02 0.000000 0 0.000000 1 
128 -0.747366 2.679159e-02 -0.663872 2.700387e+03 0.664267 9.208197e-03 -0.747438 -2.981427e+03 -0.013912 -9.995989e-01 -0.024678 2.179848e+02 0.000000 0 0.000000 1 
129 -0.734163 2.566146e-02 -0.678488 2.700121e+03 0.678877 1.083008e-02 -0.734172 -2.981668e+03 -0.011492 -9.996123e-01 -0.025371 2.180102e+02 0.000000 0 0.000000 1 
130 -0.718096 2.462605e-02 -0.695509 2.699843e+03 0.695877 1.148433e-02 -0.718069 -2.981904e+03 -0.009695 -9.996310e-01 -0.025383 2.180338e+02 0.000000 0 0.000000 1 
131 -0.698351 2.295858e-02 -0.715387 2.699551e+03 0.715710 1.109175e-02 -0.698310 -2.982131e+03 -0.008097 -9.996751e-01 -0.024177 2.180593e+02 0.000000 0 0.000000 1 
132 -0.674882 2.279755e-02 -0.737573 2.699236e+03 0.737870 8.500160e-03 -0.674890 -2.982346e+03 -0.009116 -9.997042e-01 -0.022557 2.180849e+02 0.000000 0 0.000000 1 
133 -0.648361 2.426449e-02 -0.760946 2.698901e+03 0.761233 4.452363e-03 -0.648463 -2.982550e+03 -0.012346 -9.996959e-01 -0.021357 2.181127e+02 0.000000 0 0.000000 1 
134 -0.619043 2.702430e-02 -0.784892 2.698546e+03 0.785198 1.142701e-03 -0.619244 -2.982748e+03 -0.015837 -9.996344e-01 -0.021926 2.181396e+02 0.000000 0 0.000000 1 
135 -0.587531 2.771576e-02 -0.808727 2.698177e+03 0.809050 7.596808e-04 -0.587739 -2.982943e+03 -0.015675 -9.996158e-01 -0.022869 2.181659e+02 0.000000 0 0.000000 1 
136 -0.552803 2.715757e-02 -0.832870 2.697789e+03 0.833207 2.093913e-03 -0.552957 -2.983132e+03 -0.013273 -9.996292e-01 -0.023785 2.181910e+02 0.000000 0 0.000000 1 
137 -0.514709 2.991837e-02 -0.856843 2.697375e+03 0.857230 2.121466e-04 -0.514934 -2.983302e+03 -0.015224 -9.995526e-01 -0.025755 2.182177e+02 0.000000 0 0.000000 1 
138 -0.472794 3.323766e-02 -0.880546 2.696937e+03 0.881003 -1.811576e-03 -0.473107 -2.983455e+03 -0.017320 -9.994461e-01 -0.028425 2.182470e+02 0.000000 0 0.000000 1 
139 -0.426755 3.697167e-02 -0.903611 2.696477e+03 0.904147 -4.629249e-03 -0.427197 -2.983587e+03 -0.019977 -9.993058e-01 -0.031452 2.182744e+02 0.000000 0 0.000000 1 
140 -0.376507 3.957431e-02 -0.925568 2.695997e+03 0.926214 -4.671164e-03 -0.376969 -2.983704e+03 -0.019241 -9.992059e-01 -0.034895 2.182988e+02 0.000000 0 0.000000 1 
141 -0.323335 4.255940e-02 -0.945327 2.695494e+03 0.946078 -6.358636e-03 -0.323878 -2.983794e+03 -0.019795 -9.990739e-01 -0.038208 2.183203e+02 0.000000 0 0.000000 1 
142 -0.268695 4.977310e-02 -0.961938 2.694965e+03 0.962913 -1.155594e-02 -0.269564 -2.983849e+03 -0.024533 -9.986939e-01 -0.044821 2.183418e+02 0.000000 0 0.000000 1 
143 -0.212467 5.784998e-02 -0.975454 2.694417e+03 0.976744 -1.686110e-02 -0.213748 -2.983875e+03 -0.028812 -9.981831e-01 -0.052921 2.183619e+02 0.000000 0 0.000000 1 
144 -0.152166 6.249829e-02 -0.986377 2.693854e+03 0.987891 -2.098000e-02 -0.153728 -2.983879e+03 -0.030302 -9.978248e-01 -0.058548 2.183794e+02 0.000000 0 0.000000 1 
145 -0.090227 6.282894e-02 -0.993937 2.693275e+03 0.995481 -2.401134e-02 -0.091885 -2.983845e+03 -0.029639 -9.977357e-01 -0.060378 2.183887e+02 0.000000 0 0.000000 1 
146 -0.027703 6.519751e-02 -0.997488 2.692690e+03 0.999093 -3.047605e-02 -0.029739 -2.983777e+03 -0.032338 -9.974071e-01 -0.064293 2.184044e+02 0.000000 0 0.000000 1 
147 0.034792 6.795758e-02 -0.997081 2.692088e+03 0.998872 -3.464535e-02 0.032494 -2.983669e+03 -0.032336 -9.970867e-01 -0.069086 2.184170e+02 0.000000 0 0.000000 1 
148 0.095783 7.030281e-02 -0.992916 2.691475e+03 0.994922 -3.775999e-02 0.093303 -2.983530e+03 -0.030933 -9.968110e-01 -0.073562 2.184225e+02 0.000000 0 0.000000 1 
149 0.152781 7.411049e-02 -0.985477 2.690850e+03 0.987896 -3.852059e-02 0.150259 -2.983361e+03 -0.026825 -9.965060e-01 -0.079098 2.184236e+02 0.000000 0 0.000000 1 
150 0.204537 7.699459e-02 -0.975826 2.690218e+03 0.978502 -4.302054e-02 0.201703 -2.983154e+03 -0.026450 -9.961032e-01 -0.084138 2.184284e+02 0.000000 0 0.000000 1 
151 0.250792 7.652375e-02 -0.965011 2.689586e+03 0.967510 -5.285373e-02 0.247250 -2.982905e+03 -0.032084 -9.956661e-01 -0.087292 2.184338e+02 0.000000 0 0.000000 1 
152 0.289992 7.450745e-02 -0.954124 2.688951e+03 0.956358 -5.990210e-02 0.285993 -2.982634e+03 -0.035845 -9.954199e-01 -0.088626 2.184371e+02 0.000000 0 0.000000 1 
153 0.321657 7.202158e-02 -0.944113 2.688302e+03 0.946306 -5.844502e-02 0.317946 -2.982359e+03 -0.032279 -9.956895e-01 -0.086953 2.184369e+02 0.000000 0 0.000000 1 
154 0.346152 7.124394e-02 -0.935469 2.687644e+03 0.937759 -5.611140e-02 0.342726 -2.982071e+03 -0.028073 -9.958796e-01 -0.086232 2.184356e+02 0.000000 0 0.000000 1 
155 0.364218 6.985410e-02 -0.928690 2.686976e+03 0.930911 -5.663217e-02 0.360830 -2.981761e+03 -0.027388 -9.959486e-01 -0.085654 2.184406e+02 0.000000 0 0.000000 1 
156 0.378241 7.042524e-02 -0.923024 2.686296e+03 0.925347 -5.660186e-02 0.374874 -2.981441e+03 -0.025844 -9.959101e-01 -0.086576 2.184423e+02 0.000000 0 0.000000 1 
157 0.388968 7.008407e-02 -0.918581 2.685605e+03 0.920943 -5.538208e-02 0.385742 -2.981111e+03 -0.023838 -9.960028e-01 -0.086085 2.184483e+02 0.000000 0 0.000000 1 
158 0.396266 7.122271e-02 -0.915369 2.684900e+03 0.917943 -5.118915e-02 0.393397 -2.980775e+03 -0.018838 -9.961463e-01 -0.085662 2.184542e+02 0.000000 0 0.000000 1 
159 0.402045 7.058614e-02 -0.912895 2.684185e+03 0.915507 -4.669903e-02 0.399584 -2.980431e+03 -0.014426 -9.964122e-01 -0.083396 2.184633e+02 0.000000 0 0.000000 1 
160 0.408121 6.911503e-02 -0.910308 2.683460e+03 0.912870 -4.219194e-02 0.406066 -2.980080e+03 -0.010342 -9.967163e-01 -0.080312 2.184725e+02 0.000000 0 0.000000 1 
161 0.415071 6.703403e-02 -0.907316 2.682726e+03 0.909768 -3.740048e-02 0.413429 -2.979713e+03 -0.006220 -9.970497e-01 -0.076508 2.184852e+02 0.000000 0 0.000000 1 
162 0.423740 6.482344e-02 -0.903461 2.681980e+03 0.905784 -3.155437e-02 0.422565 -2.979334e+03 -0.001116 -9.973980e-01 -0.072086 2.185045e+02 0.000000 0 0.000000 1 
163 0.434029 6.239711e-02 -0.898735 2.681225e+03 0.900894 -2.665690e-02 0.433220 -2.978937e+03 0.003074 -9.976956e-01 -0.067782 2.185266e+02 0.000000 0 0.000000 1 
164 0.445017 5.775772e-02 -0.893657 2.680469e+03 0.895511 -2.366583e-02 0.444410 -2.978517e+03 0.004519 -9.980503e-01 -0.062254 2.185538e+02 0.000000 0 0.000000 1 
165 0.456044 5.407543e-02 -0.888312 2.679706e+03 0.889933 -2.022440e-02 0.455644 -2.978081e+03 0.006674 -9.983323e-01 -0.057346 2.185813e+02 0.000000 0 0.000000 1 
166 0.467579 5.240885e-02 -0.882396 2.678935e+03 0.883920 -1.927965e-02 0.467241 -2.977628e+03 0.007476 -9.984398e-01 -0.055339 2.186139e+02 0.000000 0 0.000000 1 
167 0.478870 5.324739e-02 -0.876269 2.678158e+03 0.877854 -2.047106e-02 0.478491 -2.977157e+03 0.007541 -9.983717e-01 -0.056546 2.186510e+02 0.000000 0 0.000000 1 
168 0.490440 5.482277e-02 -0.869749 2.677381e+03 0.871428 -2.047947e-02 0.490096 -2.976674e+03 0.009057 -9.982863e-01 -0.057817 2.186884e+02 0.000000 0 0.000000 1 
169 0.502006 5.444934e-02 -0.863148 2.676606e+03 0.864804 -1.979289e-02 0.501720 -2.976178e+03 0.010234 -9.983206e-01 -0.057023 2.187270e+02 0.000000 0 0.000000 1 
170 0.513662 5.167212e-02 -0.856435 2.675837e+03 0.857934 -1.914700e-02 0.513405 -2.975668e+03 0.010131 -9.984808e-01 -0.054166 2.187664e+02 0.000000 0 0.000000 1 
171 0.524998 4.910542e-02 -0.849686 2.675067e+03 0.851044 -1.844692e-02 0.524771 -2.975144e+03 0.010095 -9.986235e-01 -0.051475 2.188089e+02 0.000000 0 0.000000 1 
172 0.536208 4.579222e-02 -0.842843 2.674300e+03 0.844020 -1.651006e-02 0.536059 -2.974606e+03 0.010632 -9.988148e-01 -0.047502 2.188565e+02 0.000000 0 0.000000 1 
173 0.546943 3.956741e-02 -0.836234 2.673536e+03 0.837124 -1.531298e-02 0.546800 -2.974053e+03 0.008831 -9.990998e-01 -0.041497 2.189112e+02 0.000000 0 0.000000 1 
174 0.556737 3.216929e-02 -0.830066 2.672777e+03 0.830666 -1.402735e-02 0.556595 -2.973487e+03 0.006262 -9.993842e-01 -0.034531 2.189698e+02 0.000000 0 0.000000 1 
175 0.565611 2.674003e-02 -0.824238 2.672016e+03 0.824669 -1.529559e-02 0.565409 -2.972907e+03 0.002512 -9.995256e-01 -0.030702 2.190310e+02 0.000000 0 0.000000 1 
176 0.573062 2.485979e-02 -0.819135 2.671248e+03 0.819512 -1.873098e-02 0.572756 -2.972312e+03 -0.001104 -9.995157e-01 -0.031106 2.190953e+02 0.000000 0 0.000000 1 
177 0.579020 2.556566e-02 -0.814912 2.670478e+03 0.815302 -2.352619e-02 0.578558 -2.971706e+03 -0.004380 -9.993965e-01 -0.034465 2.191588e+02 0.000000 0 0.000000 1 
178 0.584440 2.432269e-02 -0.811073 2.669710e+03 0.811407 -2.617776e-02 0.583895 -2.971099e+03 -0.007030 -9.993616e-01 -0.035034 2.192237e+02 0.000000 0 0.000000 1 
179 0.589997 2.240936e-02 -0.807094 2.668945e+03 0.807366 -2.627764e-02 0.589466 -2.970488e+03 -0.007999 -9.994037e-01 -0.033596 2.192864e+02 0.000000 0 0.000000 1 
180 0.596793 2.262320e-02 -0.802076 2.668176e+03 0.802349 -2.762787e-02 0.596216 -2.969862e+03 -0.008671 -9.993625e-01 -0.034639 2.193459e+02 0.000000 0 0.000000 1 
181 0.605266 1.954791e-02 -0.795783 2.667421e+03 0.795953 -2.817624e-02 0.604702 -2.969229e+03 -0.010601 -9.994120e-01 -0.032613 2.194159e+02 0.000000 0 0.000000 1 
182 0.615732 1.383424e-02 -0.787834 2.666678e+03 0.787882 -2.450986e-02 0.615338 -2.968592e+03 -0.010797 -9.996041e-01 -0.025991 2.194941e+02 0.000000 0 0.000000 1 
183 0.628677 4.620829e-03 -0.777653 2.665952e+03 0.777617 -1.511512e-02 0.628557 -2.967948e+03 -0.008850 -9.998753e-01 -0.013095 2.195788e+02 0.000000 0 0.000000 1 
184 0.643499 -4.307977e-03 -0.765435 2.665241e+03 0.765404 -6.978923e-03 0.643512 -2.967290e+03 -0.008114 -9.999666e-01 -0.001193 2.196707e+02 0.000000 0 0.000000 1 
185 0.659753 -1.265251e-02 -0.751376 2.664543e+03 0.751445 1.093266e-03 0.659795 -2.966617e+03 -0.007526 -9.999196e-01 0.010230 2.197754e+02 0.000000 0 0.000000 1 
186 0.676386 -1.899428e-02 -0.736302 2.663860e+03 0.736484 4.263995e-03 0.676442 -2.965919e+03 -0.009709 -9.998107e-01 0.016874 2.198819e+02 0.000000 0 0.000000 1 
187 0.692912 -2.218348e-02 -0.720681 2.663185e+03 0.720943 6.376958e-03 0.692966 -2.965201e+03 -0.010776 -9.997338e-01 0.020412 2.199937e+02 0.000000 0 0.000000 1 
188 0.709451 -1.978327e-02 -0.704477 2.662522e+03 0.704614 -1.755116e-04 0.709592 -2.964458e+03 -0.014161 -9.998045e-01 0.013816 2.201006e+02 0.000000 0 0.000000 1 
189 0.725660 -2.173391e-02 -0.687710 2.661883e+03 0.687780 -5.272130e-03 0.725900 -2.963703e+03 -0.019402 -9.997501e-01 0.011123 2.202134e+02 0.000000 0 0.000000 1 
190 0.741849 -2.055418e-02 -0.670252 2.661263e+03 0.670318 -4.561021e-03 0.742060 -2.962943e+03 -0.018309 -9.997786e-01 0.010395 2.203175e+02 0.000000 0 0.000000 1 
191 0.758732 -2.276156e-02 -0.651005 2.660668e+03 0.651223 3.005464e-03 0.758880 -2.962183e+03 -0.015316 -9.997366e-01 0.017104 2.204289e+02 0.000000 0 0.000000 1 
192 0.776224 -2.304322e-02 -0.630036 2.660095e+03 0.630342 9.189640e-03 0.776264 -2.961413e+03 -0.012097 -9.996925e-01 0.021659 2.205392e+02 0.000000 0 0.000000 1 
193 0.794754 -2.106106e-02 -0.606566 2.659547e+03 0.606874 1.370390e-02 0.794680 -2.960631e+03 -0.008424 -9.996845e-01 0.023673 2.206557e+02 0.000000 0 0.000000 1 
194 0.813516 -2.031663e-02 -0.581188 2.659036e+03 0.581472 1.282787e-02 0.813465 -2.959833e+03 -0.009071 -9.997115e-01 0.022250 2.207727e+02 0.000000 0 0.000000 1 
195 0.831837 -2.003968e-02 -0.554658 2.658564e+03 0.554919 1.095893e-02 0.831832 -2.959027e+03 -0.010591 -9.997394e-01 0.020237 2.208901e+02 0.000000 0 0.000000 1 
196 0.849341 -1.982544e-02 -0.527472 2.658125e+03 0.527711 9.315312e-03 0.849373 -2.958221e+03 -0.011925 -9.997603e-01 0.018375 2.210013e+02 0.000000 0 0.000000 1 
197 0.865658 -2.095753e-02 -0.500197 2.657722e+03 0.500418 6.732234e-03 0.865758 -2.957411e+03 -0.014776 -9.997579e-01 0.016316 2.211126e+02 0.000000 0 0.000000 1 
198 0.881056 -2.228306e-02 -0.472488 2.657351e+03 0.472704 5.342597e-03 0.881205 -2.956601e+03 -0.017111 -9.997377e-01 0.015241 2.212185e+02 0.000000 0 0.000000 1 
199 0.895512 -2.129866e-02 -0.444528 2.657005e+03 0.444718 4.920999e-03 0.895657 -2.955795e+03 -0.016888 -9.997613e-01 0.013879 2.213217e+02 0.000000 0 0.000000 1 
200 0.908711 -2.275315e-02 -0.416807 2.656691e+03 0.416991 3.803815e-03 0.908903 -2.954992e+03 -0.019095 -9.997341e-01 0.012945 2.214244e+02 0.000000 0 0.000000 1 
201 0.920121 -2.233185e-02 -0.390997 2.656407e+03 0.391128 1.619763e-03 0.920335 -2.954190e+03 -0.019919 -9.997495e-01 0.010226 2.215202e+02 0.000000 0 0.000000 1 
202 0.929971 -2.463338e-02 -0.366807 2.656148e+03 0.366914 -1.980581e-04 0.930255 -2.953396e+03 -0.022988 -9.996968e-01 0.008855 2.216170e+02 0.000000 0 0.000000 1 
203 0.937906 -2.804691e-02 -0.345755 2.655916e+03 0.345831 -2.273033e-03 0.938294 -2.952612e+03 -0.027102 -9.996043e-01 0.007568 2.217099e+02 0.000000 0 0.000000 1 
204 0.943792 -3.307692e-02 -0.328881 2.655705e+03 0.328953 -3.402123e-03 0.944340 -2.951836e+03 -0.032354 -9.994472e-01 0.007671 2.217992e+02 0.000000 0 0.000000 1 
205 0.947796 -3.551954e-02 -0.316895 2.655500e+03 0.316913 -5.270227e-03 0.948440 -2.951073e+03 -0.035358 -9.993553e-01 0.006262 2.218846e+02 0.000000 0 0.000000 1 
206 0.950293 -3.536752e-02 -0.309344 2.655297e+03 0.309304 -6.741413e-03 0.950939 -2.950324e+03 -0.035717 -9.993519e-01 0.004534 2.219691e+02 0.000000 0 0.000000 1 
207 0.951656 -3.569597e-02 -0.305086 2.655100e+03 0.305012 -7.648398e-03 0.952318 -2.949590e+03 -0.036327 -9.993337e-01 0.003610 2.220528e+02 0.000000 0 0.000000 1 
208 0.952666 -3.608466e-02 -0.301871 2.654908e+03 0.301851 -6.127681e-03 0.953335 -2.948873e+03 -0.036250 -9.993302e-01 0.005055 2.221346e+02 0.000000 0 0.000000 1 
209 0.954063 -3.523584e-02 -0.297529 2.654722e+03 0.297597 -3.454344e-03 0.954685 -2.948175e+03 -0.034667 -9.993733e-01 0.007191 2.222142e+02 0.000000 0 0.000000 1 
210 0.955795 -3.380980e-02 -0.292085 2.654543e+03 0.292201 -1.572895e-03 0.956356 -2.947490e+03 -0.032793 -9.994273e-01 0.008377 2.222905e+02 0.000000 0 0.000000 1 
211 0.957661 -3.181637e-02 -0.286137 2.654373e+03 0.286244 -1.232631e-03 0.958156 -2.946819e+03 -0.030837 -9.994932e-01 0.007928 2.223669e+02 0.000000 0 0.000000 1 
212 0.959619 -3.070655e-02 -0.279622 2.654214e+03 0.279669 -2.868190e-03 0.960092 -2.946160e+03 -0.030283 -9.995246e-01 0.005836 2.224408e+02 0.000000 0 0.000000 1 
213 0.961547 -3.091342e-02 -0.272895 2.654068e+03 0.272887 -4.579386e-03 0.962035 -2.945518e+03 -0.030989 -9.995118e-01 0.004033 2.225144e+02 0.000000 0 0.000000 1 
214 0.963291 -3.231809e-02 -0.266508 2.653932e+03 0.266459 -5.902977e-03 0.963828 -2.944893e+03 -0.032722 -9.994604e-01 0.002926 2.225850e+02 0.000000 0 0.000000 1 
215 0.965004 -3.412562e-02 -0.260006 2.653807e+03 0.259946 -6.269840e-03 0.965603 -2.944289e+03 -0.034582 -9.993981e-01 0.002821 2.226532e+02 0.000000 0 0.000000 1 
216 0.966782 -3.345608e-02 -0.253404 2.653686e+03 0.253368 -5.385484e-03 0.967355 -2.943710e+03 -0.033728 -9.994259e-01 0.003271 2.227171e+02 0.000000 0 0.000000 1 
217 0.968386 -3.176652e-02 -0.247426 2.653572e+03 0.247401 -4.773636e-03 0.968901 -2.943157e+03 -0.031959 -9.994841e-01 0.003237 2.227778e+02 0.000000 0 0.000000 1 
218 0.969706 -3.133979e-02 -0.242258 2.653468e+03 0.242234 -4.631926e-03 0.970207 -2.942631e+03 -0.031528 -9.994983e-01 0.003101 2.228351e+02 0.000000 0 0.000000 1 
219 0.970587 -3.257119e-02 -0.238539 2.653375e+03 0.238511 -4.806845e-03 0.971128 -2.942133e+03 -0.032777 -9.994581e-01 0.003104 2.228909e+02 0.000000 0 0.000000 1 
220 0.971207 -3.338814e-02 -0.235888 2.653287e+03 0.235845 -5.274240e-03 0.971776 -2.941662e+03 -0.033690 -9.994288e-01 0.002753 2.229438e+02 0.000000 0 0.000000 1 
221 0.971719 -3.355257e-02 -0.233744 2.653204e+03 0.233658 -6.524047e-03 0.972297 -2.941219e+03 -0.034148 -9.994159e-01 0.001501 2.229926e+02 0.000000 0 0.000000 1 
222 0.972101 -3.272260e-02 -0.232272 2.653124e+03 0.232169 -6.979208e-03 0.972650 -2.940807e+03 -0.033448 -9.994403e-01 0.000813 2.230395e+02 0.000000 0 0.000000 1 
223 0.972169 -3.113699e-02 -0.232204 2.653048e+03 0.232127 -6.098483e-03 0.972666 -2.940428e+03 -0.031702 -9.994968e-01 0.001300 2.230836e+02 0.000000 0 0.000000 1 
224 0.972230 -2.776629e-02 -0.232374 2.652971e+03 0.232376 -3.220577e-03 0.972620 -2.940074e+03 -0.027754 -9.996095e-01 0.003322 2.231232e+02 0.000000 0 0.000000 1 
225 0.972420 -2.430615e-02 -0.231967 2.652896e+03 0.232032 -1.478094e-04 0.972708 -2.939736e+03 -0.023677 -9.997048e-01 0.005497 2.231628e+02 0.000000 0 0.000000 1 
226 0.972449 -2.296395e-02 -0.231984 2.652829e+03 0.232071 1.146001e-03 0.972698 -2.939409e+03 -0.022071 -9.997359e-01 0.006444 2.232005e+02 0.000000 0 0.000000 1 
227 0.972238 -2.211550e-02 -0.232950 2.652764e+03 0.233042 1.664648e-03 0.972465 -2.939094e+03 -0.021118 -9.997543e-01 0.006773 2.232364e+02 0.000000 0 0.000000 1 
228 0.971831 -2.184224e-02 -0.234666 2.652701e+03 0.234769 2.194661e-03 0.972049 -2.938793e+03 -0.020716 -9.997593e-01 0.007261 2.232711e+02 0.000000 0 0.000000 1 
229 0.971218 -2.044638e-02 -0.237315 2.652637e+03 0.237428 3.243012e-03 0.971400 -2.938508e+03 -0.019092 -9.997859e-01 0.008005 2.233037e+02 0.000000 0 0.000000 1 
230 0.970325 -1.925894e-02 -0.241037 2.652573e+03 0.241145 3.426483e-03 0.970483 -2.938234e+03 -0.017864 -9.998089e-01 0.007970 2.233348e+02 0.000000 0 0.000000 1 
231 0.969123 -1.811262e-02 -0.245915 2.652510e+03 0.246005 2.884011e-03 0.969264 -2.937972e+03 -0.016846 -9.998320e-01 0.007251 2.233643e+02 0.000000 0 0.000000 1 
232 0.967525 -1.622854e-02 -0.252254 2.652443e+03 0.252335 3.103026e-03 0.967635 -2.937726e+03 -0.014920 -9.998637e-01 0.007098 2.233933e+02 0.000000 0 0.000000 1 
233 0.965187 -1.397038e-02 -0.261189 2.652375e+03 0.261265 3.930322e-03 0.965259 -2.937495e+03 -0.012458 -9.998949e-01 0.007444 2.234209e+02 0.000000 0 0.000000 1 
234 0.962201 -1.278086e-02 -0.272043 2.652306e+03 0.272122 4.822209e-03 0.962251 -2.937276e+03 -0.010986 -9.999069e-01 0.008119 2.234460e+02 0.000000 0 0.000000 1 
235 0.958526 -1.185927e-02 -0.284761 2.652234e+03 0.284853 6.903313e-03 0.958546 -2.937065e+03 -0.009402 -9.999061e-01 0.009996 2.234696e+02 0.000000 0 0.000000 1 
236 0.954045 -1.305806e-02 -0.299380 2.652161e+03 0.299497 8.075207e-03 0.954063 -2.936855e+03 -0.010040 -9.998824e-01 0.011616 2.234926e+02 0.000000 0 0.000000 1 
237 0.948952 -1.372322e-02 -0.315124 2.652082e+03 0.315257 8.773478e-03 0.948966 -2.936645e+03 -0.010258 -9.998676e-01 0.012653 2.235166e+02 0.000000 0 0.000000 1 
238 0.943111 -1.354461e-02 -0.332204 2.651995e+03 0.332332 8.594187e-03 0.943123 -2.936433e+03 -0.009919 -9.998716e-01 0.012607 2.235406e+02 0.000000 0 0.000000 1 
239 0.936441 -1.229154e-02 -0.350611 2.651898e+03 0.350729 9.219820e-03 0.936431 -2.936219e+03 -0.008277 -9.998822e-01 0.012946 2.235658e+02 0.000000 0 0.000000 1 
240 0.929237 -9.601271e-03 -0.369360 2.651792e+03 0.369450 1.032541e-02 0.929193 -2.936002e+03 -0.005107 -9.999008e-01 0.013143 2.235910e+02 0.000000 0 0.000000 1 
241 0.921890 -7.095109e-03 -0.387387 2.651679e+03 0.387448 1.212815e-02 0.921812 -2.935780e+03 -0.001842 -9.999015e-01 0.013931 2.236178e+02 0.000000 0 0.000000 1 
242 0.914782 -4.443953e-03 -0.403925 2.651559e+03 0.403946 1.427640e-02 0.914671 -2.935549e+03 0.001702 -9.998884e-01 0.014856 2.236456e+02 0.000000 0 0.000000 1 
243 0.908850 -2.544252e-03 -0.417117 2.651436e+03 0.417104 1.543150e-02 0.908727 -2.935304e+03 0.004125 -9.998779e-01 0.015087 2.236757e+02 0.000000 0 0.000000 1 
244 0.904892 -2.959581e-05 -0.425642 2.651307e+03 0.425590 1.579916e-02 0.904778 -2.935045e+03 0.006698 -9.998754e-01 0.014310 2.237078e+02 0.000000 0 0.000000 1 
245 0.902460 2.986679e-03 -0.430765 2.651174e+03 0.430669 1.597633e-02 0.902368 -2.934769e+03 0.009577 -9.998681e-01 0.013132 2.237404e+02 0.000000 0 0.000000 1 
246 0.901559 3.923291e-03 -0.432639 2.651042e+03 0.432524 1.663940e-02 0.901469 -2.934477e+03 0.010736 -9.998541e-01 0.013305 2.237745e+02 0.000000 0 0.000000 1 
247 0.901771 3.975087e-03 -0.432197 2.650907e+03 0.432068 1.782169e-02 0.901665 -2.934169e+03 0.011287 -9.998335e-01 0.014354 2.238112e+02 0.000000 0 0.000000 1 
248 0.902805 3.622590e-03 -0.430035 2.650768e+03 0.429897 1.916084e-02 0.902675 -2.933844e+03 0.011510 -9.998101e-01 0.015742 2.238493e+02 0.000000 0 0.000000 1 
249 0.904933 3.951349e-03 -0.425536 2.650627e+03 0.425378 2.037330e-02 0.904786 -2.933501e+03 0.012245 -9.997849e-01 0.016756 2.238896e+02 0.000000 0 0.000000 1 
250 0.908110 4.949356e-03 -0.418704 2.650481e+03 0.418499 2.270199e-02 0.907933 -2.933142e+03 0.013999 -9.997303e-01 0.018545 2.239324e+02 0.000000 0 0.000000 1 
251 0.911583 5.743885e-03 -0.411076 2.650332e+03 0.410814 2.563682e-02 0.911358 -2.932767e+03 0.015774 -9.996551e-01 0.021011 2.239784e+02 0.000000 0 0.000000 1 
252 0.914890 5.854973e-03 -0.403661 2.650182e+03 0.403375 2.708258e-02 0.914634 -2.932373e+03 0.016288 -9.996163e-01 0.022417 2.240255e+02 0.000000 0 0.000000 1 
253 0.918095 5.171603e-03 -0.396327 2.650031e+03 0.396036 2.851668e-02 0.917792 -2.931961e+03 0.016049 -9.995802e-01 0.024134 2.240753e+02 0.000000 0 0.000000 1 
254 0.921169 3.696489e-03 -0.389145 2.649878e+03 0.388895 2.837936e-02 0.920845 -2.931531e+03 0.014448 -9.995906e-01 0.024705 2.241277e+02 0.000000 0 0.000000 1 
255 0.923603 2.517810e-03 -0.383344 2.649721e+03 0.383136 2.751800e-02 0.923282 -2.931083e+03 0.012874 -9.996184e-01 0.024452 2.241805e+02 0.000000 0 0.000000 1 
256 0.925670 1.727050e-03 -0.378330 2.649560e+03 0.378154 2.662384e-02 0.925360 -2.930621e+03 0.011671 -9.996443e-01 0.023992 2.242364e+02 0.000000 0 0.000000 1 
257 0.927450 3.314464e-03 -0.373933 2.649390e+03 0.373744 2.479545e-02 0.927200 -2.930145e+03 0.012345 -9.996873e-01 0.021758 2.242942e+02 0.000000 0 0.000000 1 
258 0.928557 7.551466e-03 -0.371113 2.649210e+03 0.370887 2.156885e-02 0.928428 -2.929652e+03 0.015016 -9.997391e-01 0.017228 2.243502e+02 0.000000 0 0.000000 1 
259 0.928624 1.409218e-02 -0.370756 2.649018e+03 0.370490 1.842374e-02 0.928654 -2.929147e+03 0.019918 -9.997312e-01 0.011888 2.244033e+02 0.000000 0 0.000000 1 
260 0.927750 1.353680e-02 -0.372957 2.648831e+03 0.372718 1.727580e-02 0.927784 -2.928634e+03 0.019003 -9.997594e-01 0.010983 2.244620e+02 0.000000 0 0.000000 1 
261 0.925678 1.076586e-02 -0.378161 2.648641e+03 0.377942 1.805047e-02 0.925653 -2.928114e+03 0.016792 -9.997793e-01 0.012641 2.245273e+02 0.000000 0 0.000000 1 
262 0.922986 5.038961e-03 -0.384802 2.648445e+03 0.384625 2.099803e-02 0.922834 -2.927587e+03 0.012731 -9.997670e-01 0.017443 2.245982e+02 0.000000 0 0.000000 1 
263 0.919900 3.546644e-03 -0.392137 2.648229e+03 0.391908 2.705116e-02 0.919606 -2.927054e+03 0.013870 -9.996280e-01 0.023495 2.246643e+02 0.000000 0 0.000000 1 
264 0.915929 6.533109e-03 -0.401287 2.647993e+03 0.400859 3.409104e-02 0.915505 -2.926513e+03 0.019662 -9.993976e-01 0.028607 2.247236e+02 0.000000 0 0.000000 1 
265 0.910721 2.936610e-03 -0.413012 2.647755e+03 0.412652 3.593714e-02 0.910180 -2.925956e+03 0.017516 -9.993500e-01 0.031518 2.247933e+02 0.000000 0 0.000000 1 
266 0.904219 -1.898434e-03 -0.427065 2.647510e+03 0.426910 3.136581e-02 0.903750 -2.925383e+03 0.011680 -9.995064e-01 0.029173 2.248711e+02 0.000000 0 0.000000 1 
267 0.896467 -5.882006e-03 -0.443071 2.647249e+03 0.443073 2.496905e-02 0.896138 -2.924802e+03 0.005792 -9.996712e-01 0.024991 2.249510e+02 0.000000 0 0.000000 1 
268 0.887721 -8.995768e-03 -0.460294 2.646970e+03 0.460377 2.225423e-02 0.887445 -2.924221e+03 0.002261 -9.997121e-01 0.023898 2.250313e+02 0.000000 0 0.000000 1 
269 0.878212 -1.090210e-02 -0.478149 2.646669e+03 0.478273 2.180398e-02 0.877941 -2.923643e+03 0.000854 -9.997031e-01 0.024363 2.251105e+02 0.000000 0 0.000000 1 
270 0.868292 -1.367345e-02 -0.495866 2.646353e+03 0.496052 2.040809e-02 0.868053 -2.923059e+03 -0.001749 -9.996985e-01 0.024504 2.251896e+02 0.000000 0 0.000000 1 
271 0.857891 -1.425130e-02 -0.513635 2.646017e+03 0.513829 2.000113e-02 0.857659 -2.922473e+03 -0.001949 -9.996986e-01 0.024482 2.252689e+02 0.000000 0 0.000000 1 
272 0.847440 -1.155529e-02 -0.530766 2.645657e+03 0.530890 2.076590e-02 0.847186 -2.921888e+03 0.001233 -9.997178e-01 0.023733 2.253474e+02 0.000000 0 0.000000 1 
273 0.836627 -7.153097e-03 -0.547727 2.645277e+03 0.547755 1.922638e-02 0.836418 -2.921300e+03 0.004548 -9.997898e-01 0.020004 2.254267e+02 0.000000 0 0.000000 1 
274 0.824998 -6.156766e-03 -0.565103 2.644886e+03 0.565118 1.722358e-02 0.824830 -2.920708e+03 0.004655 -9.998329e-01 0.017689 2.255056e+02 0.000000 0 0.000000 1 
275 0.813301 -4.997737e-03 -0.581822 2.644477e+03 0.581814 1.702555e-02 0.813143 -2.920118e+03 0.005842 -9.998428e-01 0.016755 2.255878e+02 0.000000 0 0.000000 1 
276 0.801701 -3.885692e-03 -0.597712 2.644050e+03 0.597670 1.884434e-02 0.801521 -2.919529e+03 0.008149 -9.998151e-01 0.017431 2.256708e+02 0.000000 0 0.000000 1 
277 0.789608 -4.738950e-03 -0.613594 2.643607e+03 0.613529 2.256843e-02 0.789350 -2.918945e+03 0.010107 -9.997343e-01 0.020728 2.257543e+02 0.000000 0 0.000000 1 
278 0.776904 -6.310218e-03 -0.629588 2.643148e+03 0.629519 2.574701e-02 0.776559 -2.918363e+03 0.011310 -9.996488e-01 0.023976 2.258378e+02 0.000000 0 0.000000 1 
279 0.763451 -9.601317e-03 -0.645794 2.642677e+03 0.645791 2.661450e-02 0.763050 -2.917777e+03 0.009862 -9.995999e-01 0.026520 2.259271e+02 0.000000 0 0.000000 1 
280 0.749840 -9.907388e-03 -0.661546 2.642183e+03 0.661538 2.697795e-02 0.749426 -2.917193e+03 0.010423 -9.995872e-01 0.026784 2.260194e+02 0.000000 0 0.000000 1 
281 0.736115 -9.536480e-03 -0.676789 2.641671e+03 0.676781 2.535971e-02 0.735748 -2.916612e+03 0.010147 -9.996331e-01 0.025122 2.261108e+02 0.000000 0 0.000000 1 
282 0.721722 -9.540836e-03 -0.692118 2.641143e+03 0.692123 2.323923e-02 0.721406 -2.916036e+03 0.009202 -9.996846e-01 0.023376 2.262036e+02 0.000000 0 0.000000 1 
283 0.706843 -8.409870e-03 -0.707321 2.640598e+03 0.707304 2.219038e-02 0.706561 -2.915466e+03 0.009754 -9.997186e-01 0.021634 2.262976e+02 0.000000 0 0.000000 1 
284 0.692357 -9.296399e-03 -0.721495 2.640040e+03 0.721490 2.247367e-02 0.692061 -2.914905e+03 0.009781 -9.997044e-01 0.022268 2.263918e+02 0.000000 0 0.000000 1 
285 0.678388 -9.267859e-03 -0.734645 2.639464e+03 0.734591 2.614226e-02 0.678007 -2.914356e+03 0.012922 -9.996155e-01 0.024543 2.264871e+02 0.000000 0 0.000000 1 
286 0.665100 -1.213975e-02 -0.746656 2.638876e+03 0.746634 2.878323e-02 0.664612 -2.913811e+03 0.013423 -9.995122e-01 0.028208 2.265851e+02 0.000000 0 0.000000 1 
287 0.652661 -1.466929e-02 -0.757508 2.638274e+03 0.757515 3.155145e-02 0.652056 -2.913271e+03 0.014336 -9.993947e-01 0.031705 2.266861e+02 0.000000 0 0.000000 1 
288 0.641554 -1.324603e-02 -0.766963 2.637655e+03 0.766887 3.340386e-02 0.640912 -2.912732e+03 0.017130 -9.993544e-01 0.031589 2.267863e+02 0.000000 0 0.000000 1 
289 0.631133 -1.227661e-02 -0.775577 2.637023e+03 0.775453 3.391157e-02 0.630495 -2.912194e+03 0.018561 -9.993497e-01 0.030923 2.268921e+02 0.000000 0 0.000000 1 
290 0.620641 -1.179577e-02 -0.784006 2.636382e+03 0.783896 3.191172e-02 0.620072 -2.911656e+03 0.017705 -9.994213e-01 0.029053 2.269984e+02 0.000000 0 0.000000 1 
291 0.610060 -1.146653e-02 -0.792272 2.635731e+03 0.792180 2.986853e-02 0.609557 -2.911121e+03 0.016675 -9.994883e-01 0.027306 2.271023e+02 0.000000 0 0.000000 1 
292 0.599651 -1.130589e-02 -0.800182 2.635068e+03 0.800084 2.959743e-02 0.599158 -2.910595e+03 0.016910 -9.994982e-01 0.026794 2.272073e+02 0.000000 0 0.000000 1 
293 0.589474 -1.192161e-02 -0.807699 2.634397e+03 0.807630 2.848188e-02 0.589002 -2.910071e+03 0.015983 -9.995234e-01 0.026418 2.273132e+02 0.000000 0 0.000000 1 
294 0.579453 -1.274491e-02 -0.814906 2.633713e+03 0.814866 2.764380e-02 0.578991 -2.909553e+03 0.015148 -9.995368e-01 0.026404 2.274192e+02 0.000000 0 0.000000 1 
295 0.569431 -1.250656e-02 -0.821944 2.633016e+03 0.821925 2.534212e-02 0.569032 -2.909034e+03 0.013714 -9.996008e-01 0.024711 2.275228e+02 0.000000 0 0.000000 1 
296 0.559414 -1.280624e-02 -0.828789 2.632309e+03 0.828791 2.403800e-02 0.559043 -2.908523e+03 0.012764 -9.996292e-01 0.024062 2.276298e+02 0.000000 0 0.000000 1 
297 0.549708 -1.380663e-02 -0.835243 2.631593e+03 0.835276 2.304657e-02 0.549348 -2.908018e+03 0.011665 -9.996393e-01 0.024202 2.277373e+02 0.000000 0 0.000000 1 
298 0.540711 -1.685152e-02 -0.841039 2.630871e+03 0.841147 2.290980e-02 0.540321 -2.907516e+03 0.010163 -9.995957e-01 0.026563 2.278463e+02 0.000000 0 0.000000 1 
299 0.532155 -1.780858e-02 -0.846459 2.630136e+03 0.846617 1.970568e-02 0.531839 -2.907012e+03 0.007209 -9.996474e-01 0.025564 2.279509e+02 0.000000 0 0.000000 1 
300 0.523586 -2.156404e-02 -0.851700 2.629393e+03 0.851954 2.000659e-02 0.523235 -2.906519e+03 0.005757 -9.995675e-01 0.028847 2.280647e+02 0.000000 0 0.000000 1 
301 0.514961 -2.577986e-02 -0.856825 2.628641e+03 0.857198 2.167385e-02 0.514532 -2.906031e+03 0.005306 -9.994329e-01 0.033260 2.281788e+02 0.000000 0 0.000000 1 
302 0.507147 -2.638824e-02 -0.861455 2.627870e+03 0.861837 2.278931e-02 0.506673 -2.905544e+03 0.006262 -9.993922e-01 0.034301 2.282861e+02 0.000000 0 0.000000 1 
303 0.500581 -2.185906e-02 -0.865414 2.627084e+03 0.865646 2.271679e-02 0.500141 -2.905059e+03 0.008727 -9.995032e-01 0.030294 2.283981e+02 0.000000 0 0.000000 1 
304 0.495237 -1.971299e-02 -0.868534 2.626297e+03 0.868726 1.987465e-02 0.494895 -2.904574e+03 0.007506 -9.996084e-01 0.026969 2.285192e+02 0.000000 0 0.000000 1 
305 0.489966 -2.499020e-02 -0.871383 2.625520e+03 0.871725 2.029214e-02 0.489576 -2.904098e+03 0.005448 -9.994820e-01 0.031728 2.286387e+02 0.000000 0 0.000000 1 
306 0.485120 -3.100023e-02 -0.873897 2.624749e+03 0.874423 2.473732e-02 0.484534 -2.903635e+03 0.006598 -9.992134e-01 0.039109 2.287585e+02 0.000000 0 0.000000 1 
307 0.480307 -3.666576e-02 -0.876334 2.623982e+03 0.877096 2.362911e-02 0.479735 -2.903169e+03 0.003117 -9.990484e-01 0.043509 2.288843e+02 0.000000 0 0.000000 1 
308 0.475975 -3.623454e-02 -0.878712 2.623212e+03 0.879459 1.972831e-02 0.475566 -2.902708e+03 0.000104 -9.991488e-01 0.041258 2.290141e+02 0.000000 0 0.000000 1 
309 0.473502 -3.288577e-02 -0.880178 2.622444e+03 0.880792 1.946250e-02 0.473104 -2.902262e+03 0.001572 -9.992698e-01 0.038182 2.291373e+02 0.000000 0 0.000000 1 
310 0.472665 -3.038409e-02 -0.880718 2.621683e+03 0.881229 2.193977e-02 0.472182 -2.901824e+03 0.004976 -9.992977e-01 0.037146 2.292595e+02 0.000000 0 0.000000 1 
311 0.473046 -2.708793e-02 -0.880621 2.620927e+03 0.880975 2.652017e-02 0.472420 -2.901394e+03 0.010558 -9.992814e-01 0.036410 2.293775e+02 0.000000 0 0.000000 1 
312 0.474515 -2.608077e-02 -0.879861 2.620177e+03 0.880144 2.940609e-02 0.473795 -2.900962e+03 0.013517 -9.992275e-01 0.036909 2.294973e+02 0.000000 0 0.000000 1 
313 0.476396 -2.355654e-02 -0.878915 2.619433e+03 0.879070 3.193566e-02 0.475623 -2.900531e+03 0.016865 -9.992125e-01 0.035923 2.296135e+02 0.000000 0 0.000000 1 
314 0.478454 -2.186265e-02 -0.877840 2.618699e+03 0.877888 3.453636e-02 0.477619 -2.900103e+03 0.019876 -9.991645e-01 0.035718 2.297310e+02 0.000000 0 0.000000 1 
315 0.480311 -2.199836e-02 -0.876822 2.617972e+03 0.876832 3.670450e-02 0.479395 -2.899674e+03 0.021638 -9.990842e-01 0.036919 2.298487e+02 0.000000 0 0.000000 1 
316 0.482096 -2.252033e-02 -0.875829 2.617250e+03 0.875840 3.760839e-02 0.481134 -2.899242e+03 0.022104 -9.990390e-01 0.037856 2.299631e+02 0.000000 0 0.000000 1 
317 0.484311 -2.360675e-02 -0.874577 2.616537e+03 0.874610 3.861644e-02 0.483287 -2.898812e+03 0.022365 -9.989755e-01 0.039350 2.300793e+02 0.000000 0 0.000000 1 
318 0.486921 -2.360167e-02 -0.873127 2.615829e+03 0.873134 3.991343e-02 0.485845 -2.898386e+03 0.023383 -9.989246e-01 0.040043 2.301956e+02 0.000000 0 0.000000 1 
319 0.490151 -2.483570e-02 -0.871283 2.615131e+03 0.871325 4.073627e-02 0.489013 -2.897960e+03 0.023348 -9.988615e-01 0.041608 2.303126e+02 0.000000 0 0.000000 1 
320 0.493488 -2.530852e-02 -0.869384 2.614437e+03 0.869445 4.094118e-02 0.492331 -2.897534e+03 0.023134 -9.988412e-01 0.042209 2.304263e+02 0.000000 0 0.000000 1 
321 0.496774 -2.435790e-02 -0.867538 2.613750e+03 0.867593 3.968902e-02 0.495690 -2.897105e+03 0.022358 -9.989154e-01 0.040850 2.305388e+02 0.000000 0 0.000000 1 
322 0.500031 -2.303454e-02 -0.865701 2.613068e+03 0.865709 3.956099e-02 0.498982 -2.896679e+03 0.022755 -9.989519e-01 0.039724 2.306530e+02 0.000000 0 0.000000 1 
323 0.503233 -2.291851e-02 -0.863847 2.612396e+03 0.863864 3.913106e-02 0.502204 -2.896253e+03 0.022294 -9.989715e-01 0.039491 2.307660e+02 0.000000 0 0.000000 1 
324 0.506277 -2.365351e-02 -0.862046 2.611732e+03 0.862090 3.940923e-02 0.505221 -2.895828e+03 0.022023 -9.989434e-01 0.040344 2.308770e+02 0.000000 0 0.000000 1 
325 0.509515 -2.421661e-02 -0.860121 2.611071e+03 0.860155 4.104489e-02 0.508379 -2.895406e+03 0.022993 -9.988640e-01 0.041744 2.309863e+02 0.000000 0 0.000000 1 
326 0.512901 -2.537528e-02 -0.858072 2.610415e+03 0.858133 4.222588e-02 0.511688 -2.894984e+03 0.023249 -9.987860e-01 0.043434 2.310979e+02 0.000000 0 0.000000 1 
327 0.516192 -2.587650e-02 -0.856082 2.609761e+03 0.856133 4.374988e-02 0.514900 -2.894559e+03 0.024130 -9.987076e-01 0.044738 2.312099e+02 0.000000 0 0.000000 1 
328 0.519655 -2.594307e-02 -0.853982 2.609108e+03 0.854038 4.390529e-02 0.518355 -2.894130e+03 0.024047 -9.986990e-01 0.044973 2.313206e+02 0.000000 0 0.000000 1 
329 0.523176 -2.529850e-02 -0.851849 2.608454e+03 0.851873 4.426045e-02 0.521875 -2.893698e+03 0.024501 -9.986999e-01 0.044708 2.314321e+02 0.000000 0 0.000000 1 
330 0.526291 -2.417024e-02 -0.849961 2.607800e+03 0.849954 4.367339e-02 0.525044 -2.893262e+03 0.024431 -9.987537e-01 0.043529 2.315431e+02 0.000000 0 0.000000 1 
331 0.529059 -2.401811e-02 -0.848245 2.607146e+03 0.848231 4.386178e-02 0.527808 -2.892823e+03 0.024529 -9.987491e-01 0.043579 2.316566e+02 0.000000 0 0.000000 1 
332 0.532040 -2.397300e-02 -0.846380 2.606491e+03 0.846340 4.501388e-02 0.530739 -2.892380e+03 0.025376 -9.986989e-01 0.044239 2.317693e+02 0.000000 0 0.000000 1 
333 0.536310 -2.516782e-02 -0.843645 2.605837e+03 0.843614 4.701996e-02 0.534887 -2.891936e+03 0.026207 -9.985771e-01 0.046450 2.318824e+02 0.000000 0 0.000000 1 
334 0.542432 -2.529703e-02 -0.839719 2.605185e+03 0.839616 5.026266e-02 0.540851 -2.891484e+03 0.028525 -9.984158e-01 0.048505 2.319969e+02 0.000000 0 0.000000 1 
335 0.551222 -2.518685e-02 -0.833978 2.604535e+03 0.833792 5.348214e-02 0.549483 -2.891027e+03 0.030764 -9.982513e-01 0.050482 2.321133e+02 0.000000 0 0.000000 1 
336 0.562413 -2.362939e-02 -0.826519 2.603890e+03 0.826167 5.687516e-02 0.560547 -2.890557e+03 0.033763 -9.981019e-01 0.051510 2.322312e+02 0.000000 0 0.000000 1 
337 0.576065 -2.265599e-02 -0.817089 2.603254e+03 0.816626 5.956363e-02 0.574086 -2.890073e+03 0.035663 -9.979676e-01 0.052815 2.323525e+02 0.000000 0 0.000000 1 
338 0.591892 -2.029990e-02 -0.805761 2.602625e+03 0.805155 6.113182e-02 0.589906 -2.889573e+03 0.037283 -9.979235e-01 0.052529 2.324720e+02 0.000000 0 0.000000 1 
