1 -0.9914707806 0.125515709 -0.0350927068 2700.17501 0.127013521 0.9909102313 -0.0443224434 -2978.552371 0.0292105593 -0.0484016558 -0.9984007326 217.2247039
35 -0.9951609103 0.0932531566 -0.0309614503 2700.397365 0.0943866268 0.9948320042 -0.0374225605 -2978.588419 0.0273116698 -0.0401638162 -0.9988197738 217.2180415
42 -0.9977926386 0.0579837314 -0.0323687697 2700.626654 0.0591346268 0.9976075508 -0.0358088057 -2978.608566 0.0302150009 -0.0376438778 -0.9988343167 217.2101832
62 -0.9991426864 0.0177386167 -0.0374063332 2700.855735 0.0200116635 0.9979190929 -0.0612945131 -2978.582991 0.0362412142 -0.0619905274 -0.9974185425 217.2136327
65 -0.9986480958 -0.0343562359 -0.0390080736 2701.079578 -0.0319721913 0.9976755233 -0.0601774811 -2978.583023 0.040984872 -0.0588489533 -0.9974252057 217.2028215
67 -0.995026128 -0.0840721591 -0.0534310451 2701.331786 -0.0822978037 0.9960074284 -0.0345871956 -2978.615728 0.056125538 -0.0300179057 -0.997972369 217.1573858
69 -0.9875342108 -0.1478811629 -0.0539197944 2701.601871 -0.1456643261 0.9884001993 -0.0429761588 -2978.570475 0.0596496998 -0.0345862366 -0.9976200206 217.1474859
71 -0.9761990543 -0.2120966948 -0.0452813243 2701.879146 -0.2099052072 0.9765084085 -0.0486942716 -2978.510195 0.054545488 -0.0380305161 -0.9977867856 217.1511254
73 -0.9591415871 -0.2791546044 -0.0460447901 2702.177492 -0.2775953841 0.959966634 -0.0374815196 -2978.456382 0.054664601 -0.023168263 -0.9982359506 217.1310902
75 -0.9365362143 -0.3475080965 -0.0462389677 2702.48515 -0.346319313 0.9375747475 -0.0318830099 -2978.366361 0.0544320926 -0.0138461459 -0.9984214699 217.1149112
77 -0.9067869004 -0.4193696511 -0.0432043173 2702.794594 -0.4184916563 0.9077852649 -0.0281184375 -2978.241352 0.0510122619 -0.0074167845 -0.9986704864 217.0987988
79 -0.8732187337 -0.4852268792 -0.0452097193 2703.110816 -0.4853361233 0.8742785647 -0.0092649227 -2978.120564 0.044021478 0.0138516058 -0.9989345537 217.0799347
81 -0.8365267251 -0.5462058548 -0.0433843565 2703.37983 -0.5452757492 0.8376451509 -0.0320149723 -2977.92736 0.0538274611 -0.0031249424 -0.9985453616 217.0603946
83 -0.7997408274 -0.5992325242 -0.0365375282 2703.612611 -0.5975480485 0.8004071693 -0.0477984627 -2977.73612 0.057887293 -0.0163934534 -0.9981885173 217.033286
85 -0.7625356875 -0.6456483727 -0.0409573439 2703.820862 -0.6438745077 0.7635547321 -0.0490896062 -2977.573196 0.0629677981 -0.011061187 -0.9979542607 217.0058602
87 -0.7319765748 -0.6799936157 -0.0426494605 2703.984029 -0.6779978652 0.7331516129 -0.0529868597 -2977.424682 0.0672992471 -0.0098688969 -0.9976840262 216.9930662
90 -0.6974738342 -0.7154643631 -0.0405092057 2704.143351 -0.7135464143 0.6986030004 -0.0529656719 -2977.269774 0.0661949034 -0.0080369717 -0.9977743442 216.9830239
101 -0.6658657443 -0.7458850665 -0.0166816705 2704.262759 -0.744041739 0.665536338 -0.0588495829 -2977.099598 0.054997283 -0.0267740622 -0.998127471 216.9776269
112 -0.660877099 -0.7500366561 -0.0262006611 2704.109306 -0.7473496885 0.6608994007 -0.0684136344 -2977.274774 0.0686287348 -0.0256319483 -0.9973129398 216.9691828
114 -0.6593101837 -0.7513988024 -0.0266443513 2703.929314 -0.7486882255 0.659364078 -0.0685926645 -2977.478452 0.0691087741 -0.0252755302 -0.9972888874 216.9861472
116 -0.6559333099 -0.7542994928 -0.0279958591 2703.698855 -0.7517035201 0.6561429165 -0.0664702258 -2977.747478 0.0685077422 -0.0225554494 -0.997395579 217.0081475
117 -0.6538595964 -0.7561627794 -0.0261816598 2703.561048 -0.7535616346 0.6539362112 -0.0671736149 -2977.900783 0.0679153227 -0.0241926184 -0.9973977272 217.0215199
118 -0.6516023457 -0.7581533118 -0.0248583766 2703.411892 -0.7554913713 0.6515622215 -0.0685526026 -2978.067026 0.0681701618 -0.0258887476 -0.9973377571 217.0358954
119 -0.6497626499 -0.7597308619 -0.0248498753 2703.255347 -0.756962189 0.6496876598 -0.0701012777 -2978.24683 0.0694027615 -0.026738776 -0.9972303117 217.05038
120 -0.6484684243 -0.7607940266 -0.0260988841 2703.090231 -0.7580168637 0.6484942053 -0.0697545695 -2978.441813 0.0699938349 -0.0254502415 -0.9972227175 217.0645122
121 -0.648128654 -0.7610341095 -0.0275014907 2702.916511 -0.7583030386 0.6482820136 -0.0686070876 -2978.650302 0.0700410556 -0.0236117554 -0.9972646266 217.0779281
122 -0.6487459648 -0.7604111632 -0.0300588757 2702.734 -0.7577433644 0.6491144245 -0.0668988614 -2978.870396 0.0703822908 -0.0206234528 -0.9973068767 217.0914326
123 -0.6507245179 -0.7586768226 -0.0310979192 2702.54185 -0.7559856817 0.6511590864 -0.0669140731 -2979.09737 0.071015849 -0.0200330463 -0.9972739976 217.1095369
124 -0.6546186885 -0.7552972682 -0.0316292464 2702.340082 -0.7525724393 0.6550713161 -0.0672033809 -2979.332871 0.0714779421 -0.02018929 -0.9972378334 217.1300142
125 -0.6602916511 -0.7502885232 -0.032894792 2702.129239 -0.7474529303 0.6607917667 -0.0683253836 -2979.575209 0.0730003589 -0.0205273716 -0.997120642 217.1496273
126 -0.6680663079 -0.7432765421 -0.0350341297 2701.910209 -0.7403448245 0.6686813967 -0.0689545545 -2979.82397 0.0746789736 -0.020128878 -0.9970044529 217.170338
127 -0.6784249335 -0.7336014725 -0.0396041557 2701.685611 -0.7306720213 0.679368234 -0.0676550067 -2980.080587 0.0765376178 -0.0169611949 -0.9969224197 217.1912191
128 -0.6909283833 -0.7216882784 -0.0422373998 2701.451257 -0.7188663682 0.6920584199 -0.0654697494 -2980.340449 0.0764794989 -0.0148718619 -0.9969602369 217.2163908
129 -0.7048447604 -0.7079441862 -0.0448206762 2701.205547 -0.7052911617 0.7061590418 -0.0624802765 -2980.601083 0.0758830742 -0.0124272687 -0.9970392781 217.2426623
130 -0.7210523182 -0.6912472143 -0.0475483251 2700.951207 -0.6887063686 0.722540136 -0.060160533 -2980.861575 0.0759413741 -0.0106320575 -0.9970555988 217.2661093
131 -0.7398980271 -0.670768741 -0.0511879451 2700.685743 -0.6682741074 0.7416109778 -0.058505342 -2981.120008 0.0772050966 -0.0090804088 -0.9969738809 217.289713
132 -0.7610504039 -0.6464781719 -0.0535561017 2700.403369 -0.6438913654 0.7628648295 -0.0586614144 -2981.373038 0.0787793903 -0.0101599817 -0.9968402994 217.3128736
133 -0.7834324151 -0.6190898078 -0.0544193062 2700.102498 -0.6163259189 0.7852052957 -0.0599583626 -2981.621514 0.0798499386 -0.0134332959 -0.9967163758 217.3390972
134 -0.806409712 -0.588882052 -0.0540491 2699.783859 -0.5860369371 0.8080422695 -0.0602361942 -2981.86734 0.0791459711 -0.016900283 -0.9967197679 217.3671746
135 -0.8289828795 -0.5564912997 -0.0557209022 2699.448832 -0.5537780613 0.8306855407 -0.0573706491 -2982.111374 0.0782128149 -0.0167022727 -0.9967967645 217.3948122
136 -0.8516144502 -0.5208759117 -0.058661 2699.09465 -0.5184234586 0.8535131708 -0.0524631756 -2982.353203 0.0773947405 -0.01426716 -0.9968984413 217.4211228
137 -0.8742870037 -0.4818985448 -0.0582754466 2698.716404 -0.4795247603 0.8760783174 -0.0504260461 -2982.583674 0.0753540935 -0.0161423171 -0.9970261713 217.4510246
138 -0.8966035275 -0.4391114756 -0.0572994451 2698.314275 -0.4368408306 0.8982495253 -0.0481443556 -2982.802343 0.0726099384 -0.0181356618 -0.9971955147 217.4845622
139 -0.9181723248 -0.3922265838 -0.0558380602 2697.888998 -0.3900399519 0.9196362338 -0.0462388732 -2983.006929 0.0694868187 -0.0206761794 -0.9973685766 217.5167554
140 -0.9383651756 -0.3411798621 -0.0553813946 2697.440236 -0.3392698599 0.939789247 -0.0411355475 -2983.200209 0.0660814596 -0.0198109273 -0.9976175459 217.5462953
141 -0.9563014318 -0.2872932648 -0.0543152976 2696.966071 -0.2855688144 0.9576288376 -0.0373826385 -2983.37295 0.0627536755 -0.0202383156 -0.9978238255 217.5729622
142 -0.9714828768 -0.2320504037 -0.0487199161 2696.464461 -0.2304112583 0.9723895387 -0.0370032031 -2983.514845 0.055961345 -0.024722361 -0.998126812 217.6050113
143 -0.9836143799 -0.1753370916 -0.0419482542 2695.939556 -0.1738617178 0.9840902901 -0.0365842056 -2983.629002 0.0476954378 -0.0286915552 -0.9984497683 217.6378691
144 -0.9926659312 -0.1146569916 -0.0383160976 2695.393329 -0.1133560378 0.9929530609 -0.0345633842 -2983.72725 0.04200902 -0.0299665329 -0.9986677371 217.6642029
145 -0.9978745204 -0.0524768009 -0.0386345296 2694.821788 -0.0512824563 0.9981941321 -0.0312823321 -2983.788678 0.0402063575 -0.0292345686 -0.9987636301 217.6762797
146 -0.9992815652 0.0101417006 -0.0365171093 2694.240351 0.0112905797 0.9994433191 -0.0313938649 -2983.82006 0.0361783937 -0.0317836097 -0.9988397899 217.6982819
147 -0.9967960338 0.0725819893 -0.0336083606 2693.635955 0.0735719833 0.9968617385 -0.0292205006 -2983.808645 0.0313820067 -0.0315995129 -0.999007828 217.7183879
148 -0.9905888388 0.1333761903 -0.0307334397 2693.014976 0.134190412 0.9906104798 -0.0261497734 -2983.762363 0.0269571103 -0.0300278066 -0.9991854908 217.7306688
149 -0.9814261587 0.1900594375 -0.0260788273 2692.378501 0.1906229018 0.9814358045 -0.0211345904 -2983.679228 0.0215778665 -0.0257132616 -0.9994364531 217.7400603
150 -0.9701688096 0.2414183286 -0.0221285228 2691.730745 0.2418654177 0.9700952515 -0.0204039889 -2983.552553 0.0165408779 -0.025147438 -0.9995469002 217.7527814
151 -0.9576219232 0.2872315021 -0.0214083266 2691.079201 0.2877279653 0.9573704754 -0.0255810648 -2983.379295 0.0131480121 -0.0306567627 -0.9994434915 217.763627
152 -0.9451125451 0.3259877557 -0.0222319618 2690.423481 0.3265370553 0.9447492011 -0.028679234 -2983.171487 0.011654549 -0.0343646632 -0.9993414038 217.7693067
153 -0.9337111371 0.3572468414 -0.0236264008 2689.755677 0.3577733936 0.9334998804 -0.0240035867 -2982.942353 0.0134800368 -0.0308653138 -0.9994326496 217.7661996
154 -0.9241135179 0.3813963338 -0.0234742955 2689.082759 0.3818475646 0.9240262473 -0.0191815443 -2982.689106 0.0143750945 -0.026689527 -0.9995404073 217.763324
155 -0.916550247 0.3991907267 -0.0241331388 2688.402029 0.3996387856 0.9164984239 -0.0178740051 -2982.406265 0.0149828466 -0.0260269621 -0.9995489541 217.7674384
156 -0.9104459088 0.4129902995 -0.0229621341 2687.713321 0.4133870649 0.9104071907 -0.0164280767 -2982.106411 0.0141202556 -0.0244491245 -0.9996013499 217.7704236
157 -0.9055893463 0.423540737 -0.0228293676 2687.01508 0.4239009518 0.9055984933 -0.0141192059 -2981.791471 0.014694182 -0.0224635931 -0.9996396691 217.7755001
158 -0.9022355669 0.4307144058 -0.0213560865 2686.305353 0.430971404 0.9023189267 -0.0091762443 -2981.464118 0.0153176604 -0.0174829966 -0.9997298206 217.7802896
159 -0.8994928931 0.4363948692 -0.0217267895 2685.586144 0.4365741447 0.8996590043 -0.0040855972 -2981.125702 0.0177637682 -0.0131603202 -0.9997555974 217.7855578
160 -0.8965419427 0.4423657057 -0.02291566 2684.855685 0.4424600434 0.8967876028 0.0010514186 -2980.77985 0.0210155913 -0.0091966231 -0.9997368489 217.7896498
161 -0.8930938222 0.4491936013 -0.0246684687 2684.114586 0.4491760512 0.8934191857 0.0065600018 -2980.420339 0.0249859941 -0.0052217883 -0.9996741634 217.7961002
162 -0.8887093657 0.4577068672 -0.0264591567 2683.360588 0.4575137952 0.88910311 0.0132961281 -2980.049489 0.0296106477 -0.0002890356 -0.9995614668 217.8081699
163 -0.8833764236 0.4678045248 -0.0283728883 2682.596227 0.4674235826 0.8838240645 0.0192410358 -2979.664435 0.0340776851 0.0037349203 -0.9994122081 217.8232522
164 -0.8774418361 0.4785841124 -0.0324510653 2681.827873 0.4780403306 0.8780276511 0.0233427988 -2979.259129 0.0396644253 0.0049690303 -0.9992007016 217.8417759
165 -0.8713375452 0.4893946128 -0.0355498982 2681.053508 0.4886481031 0.8720348639 0.0278967294 -2978.836346 0.0446532597 0.0069360774 -0.9989784668 217.8616062
166 -0.86485079 0.5006942099 -0.036584413 2680.270988 0.4998531924 0.8655903274 0.0300028537 -2978.399316 0.0466893691 0.007661156 -0.9988800776 217.8910572
167 -0.8584187199 0.5117468881 -0.0351058942 2679.485164 0.5109289202 0.8591011126 0.0299485693 -2977.946138 0.0454855999 0.0077717959 -0.9989347623 217.930055
168 -0.8516590353 0.5230655006 -0.0328537622 2678.699073 0.5222231798 0.8522413612 0.0311064746 -2977.480368 0.0442700587 0.0093351139 -0.9989759845 217.9692595
169 -0.8446224506 0.5343730598 -0.0325322753 2677.913046 0.5334587604 0.8451837448 0.0329573731 -2977.000233 0.0451072826 0.01048191 -0.9989271558 218.0065768
170 -0.8372263952 0.545761356 -0.0345905403 2677.130684 0.5447492449 0.8378777166 0.0347734415 -2976.507355 0.0479606435 0.0102700723 -0.9987964268 218.0415847
171 -0.8298272812 0.5568294917 -0.0364362535 2676.348477 0.555717 0.8305650172 0.0366110399 -2975.99935 0.0506487842 0.0101325942 -0.9986651246 218.07992
172 -0.8222647109 0.5677662745 -0.0390154161 2675.567584 0.5664763096 0.8231226011 0.0396708239 -2975.47665 0.0546382267 0.0105186096 -0.9984508115 218.1214158
173 -0.814656683 0.5782325083 -0.0445157845 2674.788301 0.576772066 0.8158278458 0.0419393589 -2974.937618 0.0605679173 0.008490718 -0.9981279653 218.1669319
174 -0.8074029752 0.5877720009 -0.051229977 2674.013307 0.5861350143 0.8090068218 0.0442007614 -2974.384896 0.0674253709 0.005660143 -0.997708265 218.2150385
175 -0.8007233982 0.5964089023 -0.0560219668 2673.238308 0.5947993557 0.8026788244 0.0438227246 -2973.818759 0.0711039095 0.0017680512 -0.9974673469 218.2706227
176 -0.7951774858 0.6036577225 -0.0573595687 2672.460505 0.602256911 0.7972414962 0.0411413405 -2973.237478 0.0705647163 -0.0018305289 -0.9975055238 218.3358125
177 -0.790826087 0.6094536655 -0.0562168102 2671.68477 0.608352761 0.7928060668 0.0369521127 -2972.64407 0.0670896287 -0.004976957 -0.9977345397 218.4046269
178 -0.7866778654 0.6147218227 -0.0570527549 2670.909629 0.6137803254 0.7887073436 0.0348487918 -2972.04674 0.0664202396 -0.0076030854 -0.9977627698 218.4705545
179 -0.7823184299 0.6201215995 -0.0585412342 2670.136254 0.6191757303 0.7844582844 0.0353074361 -2971.443758 0.0678180599 -0.0086256535 -0.9976604176 218.5310775
180 -0.777094761 0.626723426 -0.0578055341 2669.360197 0.6258338649 0.7791867789 0.0346401084 -2970.828476 0.0667510754 -0.0092580141 -0.9977267076 218.592304
181 -0.7702064576 0.634946347 -0.0602092112 2668.592215 0.6340840928 0.7724741226 0.0349441442 -2970.208527 0.0686977143 -0.0112634975 -0.9975739359 218.659357
182 -0.761328361 0.6450934886 -0.0650654882 2667.832473 0.6439798948 0.7640139262 0.0396562176 -2969.584145 0.0752929069 -0.0117094631 -0.9970927071 218.7274473
183 -0.7497816257 0.6576271006 -0.0731717863 2667.08265 0.6557788356 0.7532738547 0.0503251281 -2968.951936 0.0882135616 -0.0102516525 -0.9960488297 218.7924364
184 -0.7361684497 0.6719597364 -0.0807844434 2666.345443 0.6693575033 0.7405206154 0.05991453 -2968.308399 0.1000826975 -0.0099664867 -0.9949292049 218.8664199
185 -0.7207303171 0.6876550623 -0.0876260538 2665.618781 0.684196982 0.7259712525 0.0695717642 -2967.652616 0.1114553719 -0.0098110019 -0.9937210093 218.9539411
186 -0.7044730496 0.7036939879 -0.0923714983 2664.906561 0.6998582356 0.7103976973 0.074387914 -2966.976054 0.1179668275 -0.0122426732 -0.9929420651 219.050748
187 -0.6879952744 0.7196113904 -0.0939252326 2664.205005 0.7154828446 0.6942468776 0.0781381596 -2966.279839 0.1214364091 -0.0134432081 -0.9925081756 219.1573792
188 -0.6715058335 0.7355305714 -0.0898593017 2663.517782 0.7320591121 0.6772887076 0.0732766191 -2965.566178 0.1147578838 -0.0165766435 -0.9932551752 219.2743227
189 -0.6540264782 0.7510909711 -0.0900650814 2662.85136 0.748152919 0.6598416147 0.0698301744 -2964.838705 0.1118775023 -0.0217116706 -0.9934847899 219.3914437
190 -0.6361797041 0.76661027 -0.0870866124 2662.205018 0.7634857051 0.6417824076 0.072145128 -2964.10211 0.1111978519 -0.0205921175 -0.9935849246 219.4965506
191 -0.6161833634 0.7827501005 -0.0872945748 2661.578122 0.7787166988 0.6220799617 0.0813438636 -2963.359268 0.1179761232 -0.0178550076 -0.9928558974 219.597751
192 -0.5946481571 0.7994364133 -0.0854107152 2660.973081 0.7945800891 0.6005681236 0.089221135 -2962.609195 0.1226215771 -0.0148104702 -0.9923429845 219.7010448
193 -0.5708175266 0.8170699625 -0.0810186878 2660.390083 0.8115428425 0.5764294234 0.0955370856 -2961.850043 0.1247620384 -0.0112158933 -0.9921232975 219.8143107
194 -0.5449551479 0.8348606113 -0.077663675 2659.840791 0.8293459784 0.5503347301 0.096524261 -2961.078644 0.1233253212 -0.0118086636 -0.9922960348 219.9334759
195 -0.5179172829 0.8521666079 -0.0746576214 2659.327251 0.8467911958 0.5231027393 0.0964789865 -2960.30075 0.1212697769 -0.013251282 -0.9925311304 220.053966
196 -0.4902522786 0.8686306057 -0.0716489651 2658.847046 0.8633675421 0.4952476176 0.0965726897 -2959.520108 0.1193699732 -0.0145144097 -0.9927437441 220.1679955
197 -0.4624058175 0.8839030853 -0.0699728211 2658.401289 0.8788864497 0.4673505568 0.0956141497 -2958.735471 0.1172154788 -0.0172856253 -0.9929560608 220.282588
198 -0.4341435624 0.8982396073 -0.0684468779 2657.986025 0.8933365756 0.4390698137 0.0957468613 -2957.947771 0.116056581 -0.0195782161 -0.9930496279 220.3902456
199 -0.4059019115 0.9116307201 -0.0645992908 2657.598843 0.9066887015 0.4105566731 0.0967409779 -2957.162627 0.1147137173 -0.0193040993 -0.9932110122 220.495479
200 -0.3776975627 0.9237692989 -0.0632046958 2657.240675 0.9189217231 0.382346935 0.0969210403 -2956.378696 0.1136988032 -0.0214733273 -0.9932831814 220.5997477
201 -0.3516516239 0.9341970436 -0.0601416587 2656.917785 0.929530918 0.3560664099 0.0958591899 -2955.594003 0.1109657963 -0.0221944914 -0.9935763668 220.6997206
202 -0.3269974768 0.9431214475 -0.0599548616 2656.620076 0.938662031 0.3314912467 0.0950112884 -2954.814829 0.1094816957 -0.0252089006 -0.9936690946 220.7987724
203 -0.305422884 0.9502482876 -0.0611968451 2656.35329 0.9460680149 0.3101151084 0.093722627 -2954.042566 0.1080378321 -0.0292713427 -0.9937157618 220.8938866
204 -0.2879149359 0.9554830826 -0.064475333 2656.112215 0.9515551354 0.2930190962 0.0931806504 -2953.27578 0.1079250389 -0.0345237332 -0.9935594083 220.9834958
205 -0.2756002098 0.9590258914 -0.0656800117 2655.88755 0.9553654313 0.2808295083 0.0917152117 -2952.519458 0.106402148 -0.0374716811 -0.9936168557 221.0712941
206 -0.2680144881 0.9612360701 -0.0647568663 2655.673325 0.9577120931 0.2731281316 0.0904907203 -2951.774747 0.1046698663 -0.0377656098 -0.993789705 221.1584175
207 -0.2636966982 0.9624368184 -0.0646484485 2655.468713 0.9590124455 0.2687851046 0.0897201037 -2951.043282 0.1037264711 -0.0383397716 -0.9938666314 221.2435121
208 -0.2604231353 0.9633238533 -0.0647066019 2655.272143 0.9597499132 0.2655916218 0.0913301405 -2950.326916 0.1051660342 -0.0383176741 -0.9937161874 221.3231774
209 -0.2561405005 0.9645569692 -0.0634184297 2655.079907 0.9606598089 0.2612937758 0.0941185119 -2949.627851 0.1073535075 -0.0368159738 -0.9935390322 221.3994868
210 -0.2508072249 0.966085117 -0.0614433293 2654.893536 0.9619251402 0.2558423771 0.0961493768 -2948.944305 0.1086082894 -0.0349889247 -0.9934686782 221.4738529
211 -0.2450262956 0.9677285306 -0.058852405 2654.716707 0.9634550749 0.2498225933 0.0966591458 -2948.275408 0.1082424735 -0.0330176159 -0.9935760685 221.5507017
212 -0.2385890688 0.9694414943 -0.0570827947 2654.548089 0.9652976154 0.243175738 0.0952159347 -2947.619696 0.1061874288 -0.0323844044 -0.9938186355 221.627681
213 -0.2318080334 0.9711134338 -0.0566015404 2654.39224 0.9671465726 0.2363223221 0.0936977435 -2946.981504 0.1043673449 -0.0330220962 -0.9939904418 221.70409
214 -0.2252497326 0.9726119012 -0.0573467317 2654.245299 0.9688205176 0.2298286064 0.092550615 -2946.359666 0.103195749 -0.034711689 -0.9940551977 221.7764409
215 -0.2185371504 0.9740746789 -0.0584810547 2654.109232 0.970375922 0.2232519833 0.0923532452 -2945.758257 0.1030149691 -0.0365659923 -0.9940074669 221.8449955
216 -0.2119753284 0.9756030812 -0.0571409499 2653.978834 0.971779195 0.2166148088 0.0933981837 -2945.181241 0.1034971317 -0.0357302756 -0.9939877721 221.9081497
217 -0.2061431541 0.9769833707 -0.0548497337 2653.856683 0.9730288942 0.210594655 0.0941523363 -2944.629714 0.1035363277 -0.0339615162 -0.9940456953 221.9687242
218 -0.20099922 0.9781075359 -0.0538976973 2653.744896 0.9741170015 0.2053818702 0.0944158605 -2944.10493 0.1034184745 -0.033525149 -0.9940727758 222.0261838
219 -0.1971437668 0.9788449889 -0.0547432454 2653.645499 0.9749096924 0.2016266117 0.0943281565 -2943.607934 0.1033703383 -0.0347735124 -0.9940348968 222.0820739
220 -0.1944017901 0.9793627838 -0.0552854573 2653.552584 0.9755010339 0.1989372822 0.0939238556 -2943.138203 0.1029838673 -0.035672055 -0.9940431719 222.1356042
221 -0.1922347778 0.979793552 -0.0552302961 2653.46672 0.9760628345 0.1967298921 0.0927291365 -2942.697136 0.1017208602 -0.0360824744 -0.9941583987 222.1862816
222 -0.1908411289 0.9801204674 -0.0542543344 2653.384612 0.9764042634 0.1952273015 0.0923093449 -2942.28615 0.1010662056 -0.0353577438 -0.9942512017 222.2341363
223 -0.1909316425 0.9801892649 -0.0526698477 2653.310055 0.9763289395 0.1951870337 0.0931870366 -2941.905824 0.1016214043 -0.0336307426 -0.9942545264 222.2774214
224 -0.1914416612 0.9802633641 -0.0493338352 2653.236277 0.9760006478 0.195442883 0.0960459007 -2941.549534 0.1037922247 -0.0297626683 -0.9941535886 222.3136647
225 -0.1913808935 0.9804443615 -0.0458498382 2653.163229 0.9757624118 0.1951018456 0.0991109762 -2941.209196 0.1061181859 -0.0257706015 -0.9940195203 222.3496206
226 -0.1915332164 0.9804760722 -0.0445162759 2653.096987 0.9756226014 0.1951434083 0.1003971602 -2940.881022 0.1071240711 -0.0242016938 -0.9939510609 222.3858305
227 -0.1925870215 0.9803032014 -0.0437706809 2653.03454 0.9753750275 0.1961236628 0.1008913505 -2940.565718 0.1074885802 -0.0232624644 -0.9939341341 222.4211506
228 -0.1943366012 0.9799621766 -0.0436739957 2652.974914 0.9749725543 0.1978652986 0.1013796924 -2940.264195 0.1079898322 -0.0228791623 -0.993888696 222.4550496
229 -0.1971345219 0.979452399 -0.0425555903 2652.916041 0.9743213274 0.2005492446 0.1023618658 -2939.976789 0.1087930665 -0.0212837617 -0.993836541 222.4864391
230 -0.2009896695 0.9787030915 -0.0417541796 2652.858554 0.9735318363 0.2042988466 0.1024585034 -2939.701795 0.1088067847 -0.0200559224 -0.9938605755 222.5174456
231 -0.2060002625 0.9776879516 -0.0411115696 2652.803428 0.9725590051 0.2092004435 0.1018044992 -2939.438873 0.1081335908 -0.0190116737 -0.9939545678 222.5479457
232 -0.2125541389 0.9763349733 -0.039884308 2652.748107 0.9711562249 0.2155881571 0.1018691976 -2939.190274 0.1080570448 -0.0170811744 -0.9939979419 222.5770847
233 -0.2217535875 0.9743404179 -0.0385499218 2652.695198 0.9690478107 0.2246031962 0.1024682629 -2938.955699 0.1084974057 -0.0146340124 -0.9939890133 222.6039321
234 -0.2327778105 0.9717685779 -0.0384749512 2652.64295 0.966376975 0.2355671681 0.1030710993 -2938.732225 0.1092246909 -0.0131886421 -0.9939295884 222.6279413
235 -0.2456533929 0.9685786142 -0.038857158 2652.590971 0.9629641382 0.2484333675 0.1047899349 -2938.514483 0.1111507045 -0.0116760466 -0.9937349701 222.6486415
236 -0.2602335729 0.9646515599 -0.0415434173 2652.539909 0.9589418333 0.2632379408 0.1055288911 -2938.298229 0.112734413 -0.0123755604 -0.9935480852 222.6692775
237 -0.2760103973 0.9601554881 -0.043814373 2652.483874 0.9543992514 0.2791807125 0.1057364592 -2938.081132 0.1137555695 -0.0126320427 -0.9934284584 222.6917554
238 -0.2932283092 0.9549646819 -0.0453829813 2652.423212 0.9492544868 0.2964647896 0.1049978471 -2937.861013 0.1137236917 -0.0122916575 -0.993436378 222.7157707
239 -0.3119064566 0.9489976813 -0.046019161 2652.355498 0.9432339532 0.3151026486 0.1049763329 -2937.6381 0.114123056 -0.0106640391 -0.9934093851 222.7403929
240 -0.3310899107 0.9425130706 -0.0452612717 2652.279951 0.9366337571 0.3340850253 0.1053774213 -2937.410668 0.1144407101 -0.007503834 -0.9934017397 222.7649979
241 -0.349543663 0.9358572826 -0.0446136111 2652.196229 0.9297925568 0.3523533888 0.1064560506 -2937.176752 0.1153474273 -0.0042703656 -0.9933160298 222.7904705
242 -0.3665216022 0.9293841286 -0.0436698595 2652.104164 0.9230996847 0.3691132047 0.1079000196 -2936.934326 0.1163996874 -0.0007639455 -0.9932021593 222.816629
243 -0.3800529044 0.9239585811 -0.0431315469 2652.002898 0.9175708261 0.3824889842 0.1084709915 -2936.680959 0.116720045 0.0016484663 -0.9931634879 222.8462657
244 -0.3889330175 0.9203306792 -0.0415035987 2651.889082 0.9139282002 0.3911181207 0.1084521115 -2936.415858 0.116044615 0.0042492977 -0.9932349122 222.8793668
245 -0.3944242165 0.9180993127 -0.0390280602 2651.766252 0.911706437 0.3962855418 0.1083934599 -2936.136856 0.1149822171 0.0071708718 -0.9933416675 222.9135894
246 -0.3964164586 0.9172720362 -0.0382884174 2651.637257 0.9108149098 0.3981742784 0.1089653342 -2935.842867 0.115196317 0.0083219905 -0.9933078843 222.9473079
247 -0.395974272 0.9174670455 -0.0381915746 2651.501431 0.9108723639 0.3977137126 0.110160517 -2935.534405 0.116257957 0.0088330807 -0.9931797743 222.9824614
248 -0.3937499711 0.9184184729 -0.0383206074 2651.359649 0.911658369 0.3955078282 0.1115911108 -2935.209732 0.1176434378 0.0090036942 -0.993015083 223.0184682
249 -0.3892301644 0.9203755754 -0.0375323761 2651.211598 0.9134635233 0.3909152282 0.1130029911 -2934.868297 0.1186771703 0.0096997163 -0.9928855144 223.0571849
250 -0.3824199483 0.9232933021 -0.0358393849 2651.056065 0.9160954104 0.3839268839 0.1156258917 -2934.511519 0.1205163147 0.0113853515 -0.9926460556 223.0973178
251 -0.3747869488 0.9264774614 -0.0342674275 2650.896286 0.9189119066 0.3761233971 0.1188785013 -2934.138962 0.1230270333 0.0130653636 -0.9923173108 223.1395708
252 -0.3673016443 0.9295020852 -0.0333972413 2650.734815 0.9217398093 0.3685687517 0.1206349837 -2933.747926 0.1244396485 0.0135258611 -0.9921349832 223.1845633
253 -0.3598199336 0.9324264073 -0.033325821 2650.572057 0.9244565194 0.3611179408 0.1223682008 -2933.339752 0.1261338937 0.0132222454 -0.9919251046 223.2318144
254 -0.3524144963 0.9352240847 -0.0340578078 2650.407069 0.9272354674 0.3538662589 0.1225277882 -2932.913273 0.1266428476 0.0116009614 -0.9918805406 223.28342
255 -0.3464354907 0.9374341441 -0.0346363433 2650.240137 0.929527921 0.3480179209 0.1219072221 -2932.469932 0.1263340606 0.0100375402 -0.9919369702 223.3366615
256 -0.3412926832 0.9393085854 -0.0349096815 2650.070712 0.931496074 0.3429591913 0.1212190462 -2932.011272 0.1258346869 0.0088529422 -0.9920117222 223.3933143
257 -0.3370153579 0.9409248273 -0.0328803561 2649.895427 0.9333449969 0.3384790931 0.1195785107 -2931.538558 0.1236437026 0.0096110787 -0.9922801328 223.4544079
258 -0.3346010909 0.9419325194 -0.0283767299 2649.715002 0.9347847397 0.3355713144 0.1164876962 -2931.050439 0.1192459658 0.0124507762 -0.9927866729 223.5170038
259 -0.3349084722 0.9419976714 -0.0218335121 2649.527634 0.9353140582 0.33516018 0.1133810667 -2930.548187 0.1141224247 0.017551089 -0.9933116487 223.5777717
260 -0.3370721567 0.9412072541 -0.0226111897 2649.342976 0.9346498084 0.3374181228 0.1121550088 -2930.03536 0.1131905331 0.0166707866 -0.9934334342 223.6378537
261 -0.3420429266 0.9393273128 -0.0259004977 2649.158384 0.932650766 0.3427198197 0.1127194476 -2929.511753 0.1147570697 0.0143987707 -0.9932892279 223.7007952
262 -0.3481647002 0.9368775263 -0.0322775801 2648.968655 0.9298013376 0.3495100805 0.1153784047 -2928.978156 0.119376774 0.0101589505 -0.9927970495 223.7647392
263 -0.35542177 0.9340686262 -0.0345132873 2648.762457 0.9262530797 0.3569219583 0.1210865313 -2928.435629 0.12542168 0.0110687507 -0.9920417758 223.8218158
264 -0.3649714728 0.9304519914 -0.0324794676 2648.542338 0.9217991393 0.3660347037 0.1276908081 -2927.883939 0.130698779 0.016663957 -0.9912820697 223.8732695
265 -0.3764588626 0.9256838169 -0.0372585008 2648.319546 0.9167631898 0.3780235938 0.1290093654 -2927.318214 0.1335064741 0.0144094969 -0.9909431809 223.93881
266 -0.3901831125 0.9197087253 -0.0435086115 2648.091894 0.9113746773 0.392505742 0.1238363438 -2926.740069 0.1309707458 0.0086662033 -0.9913483549 224.0203442
267 -0.4059834375 0.912559809 -0.0491125588 2647.852594 0.9050679234 0.4089326934 0.116730914 -2926.153247 0.1266076715 0.0029406161 -0.9919485119 224.1067958
268 -0.4231188288 0.9044650211 -0.0539766838 2647.597238 0.8973557714 0.4265474488 0.1131808003 -2925.563239 0.1253916917 -0.000547361 -0.9921071636 224.1889145
269 -0.4410344172 0.8956331478 -0.0577053494 2647.321998 0.8886297641 0.444789145 0.1118023202 -2924.972332 0.125800577 -0.0019700199 -0.9920535942 224.2675192
270 -0.45874056 0.8863848663 -0.0622813568 2647.031017 0.879614185 0.4629264714 0.1094439016 -2924.375861 0.1258411068 -0.0045772082 -0.9920398505 224.3466087
271 -0.4767391921 0.8766618836 -0.0646814079 2646.722231 0.8699948313 0.4810832884 0.1080178834 -2923.775107 0.1258123056 -0.0047761321 -0.9920425658 224.4258563
272 -0.494437988 0.8668712481 -0.0637598253 2646.390885 0.8601503226 0.4985296177 0.1077480527 -2923.175287 0.1251898503 -0.0015683039 -0.9921315648 224.5052729
273 -0.5121552654 0.8567151188 -0.0611243759 2646.04053 0.8502391843 0.5157864381 0.105155503 -2922.573412 0.1216154334 0.0018856051 -0.9925755039 224.5898986
274 -0.5299695193 0.8457529873 -0.0619208613 2645.677267 0.8395798882 0.5335705749 0.102019865 -2921.96703 0.1193227551 0.002079909 -0.9928533397 224.6722431
275 -0.5471496151 0.8346990111 -0.0624888754 2645.294538 0.8286128455 0.5506965235 0.1006682239 -2921.359807 0.1184400734 0.0033014951 -0.9929557136 224.7557907
276 -0.5634980674 0.8237101995 -0.0630193249 2644.89262 0.8174731247 0.5669835577 0.1013278626 -2920.75349 0.119195715 0.0055814503 -0.9928550896 224.837675
277 -0.5796561176 0.8122240409 -0.0655049061 2644.474191 0.8055946638 0.5832985039 0.1038272265 -2920.14895 0.1225398832 0.0074136842 -0.9924358993 224.9161077
278 -0.5958770738 0.8001302514 -0.0687174917 2644.038769 0.7931604973 0.5997661648 0.1057212048 -2919.545927 0.1258051606 0.0084928423 -0.9920186154 224.9947685
279 -0.6121616828 0.7872939089 -0.0736639329 2643.590109 0.7802587673 0.6165387325 0.1052437522 -2918.940215 0.1282744328 0.006949263 -0.9917143629 225.0804343
280 -0.628303631 0.7742867391 -0.0755949265 2643.120213 0.7672729088 0.6327904833 0.1042520395 -2918.336954 0.1285567218 0.0074999958 -0.9916737968 225.1722367
281 -0.6440137874 0.7611490231 -0.0768010818 2642.631856 0.7544155424 0.6485360893 0.1012824284 -2917.737663 0.1268992947 0.0072873505 -0.9918888363 225.266114
282 -0.65979548 0.747345206 -0.0783904822 2642.128577 0.7409532086 0.6644050514 0.0977459485 -2917.142603 0.1251329983 0.0064086557 -0.992119278 225.3615387
283 -0.6755863644 0.7330535654 -0.0788386611 2641.607718 0.7268763646 0.680134621 0.0952241985 -2916.552104 0.1234253412 0.0070262107 -0.9923289865 225.4581442
284 -0.6901348766 0.7191121306 -0.0811886425 2641.071024 0.7129686228 0.694858495 0.0940606977 -2915.969793 0.1240548067 0.0070296134 -0.9922504671 225.5513972
285 -0.7037378103 0.7056507789 -0.0825231634 2640.515355 0.6991204374 0.7084880581 0.0963082844 -2915.397664 0.1264266917 0.010082151 -0.9919247158 225.6431672
286 -0.7158882165 0.6928203102 -0.0866260888 2639.944504 0.6859909869 0.7210346203 0.0975983719 -2914.831781 0.1300785433 0.0104448082 -0.9914486767 225.7357103
287 -0.7268893352 0.680796142 -0.0902690833 2639.357201 0.6736386009 0.7323869352 0.0990979947 -2914.271038 0.1335774297 0.0112245365 -0.990974813 225.8314985
288 -0.7368539032 0.6700566677 -0.0898353349 2638.754477 0.662727007 0.7421775079 0.0998271549 -2913.714184 0.1335636157 0.0140217261 -0.9909410435 225.931701
289 -0.7459090794 0.6599709674 -0.0897661819 2638.137031 0.652642751 0.7511316779 0.0992906947 -2913.161004 0.1329551987 0.0154765828 -0.9910012061 226.0384248
290 -0.7547338205 0.649805533 -0.0901644578 2637.509747 0.6428042404 0.7599584991 0.0962589645 -2912.609483 0.1310708538 0.0146918002 -0.9912641335 226.1475299
291 -0.7633841852 0.6395456307 -0.0906971442 2636.8713 0.6328709416 0.7686305503 0.0931742899 -2912.06028 0.1293018059 0.0137281923 -0.991510252 226.2540533
292 -0.7716571407 0.6294429377 -0.0913610715 2636.221796 0.6228603078 0.7769209021 0.0918637517 -2911.520157 0.1288033158 0.0139821348 -0.9915715838 226.3597984
293 -0.779452689 0.6195559961 -0.0927570662 2635.561859 0.6131620888 0.784843632 0.0897369836 -2910.982 0.128396879 0.0130706167 -0.9916367281 226.4663356
294 -0.7869118787 0.6098130769 -0.0943276543 2634.888887 0.6035687523 0.792450803 0.0879004326 -2910.450036 0.1283528586 0.01223667 -0.9916530682 226.5723992
295 -0.7943111289 0.6000650498 -0.0948249253 2634.203201 0.594169023 0.7998773954 0.0846127918 -2909.918462 0.1266214934 0.010866849 -0.9918915813 226.6785466
296 -0.8014646293 0.5903130848 -0.0958379357 2633.506624 0.5846304588 0.807113138 0.0823140881 -2909.393968 0.1259431403 0.0099420538 -0.9919876415 226.7865488
297 -0.8081450298 0.5808561673 -0.0975075572 2632.80002 0.575339016 0.8139582192 0.0803556722 -2908.875825 0.1260421654 0.0088391351 -0.991985505 226.8938825
298 -0.813938218 0.5720792485 -0.101143021 2632.085207 0.5666008225 0.8201663153 0.0793140795 -2908.360937 0.1283280379 0.0072490417 -0.9917052819 226.9995546
299 -0.8195524965 0.563732337 -0.1026623479 2631.357412 0.5587007479 0.8259461618 0.0752755746 -2907.846969 0.1272288478 0.0043347545 -0.9918639172 227.1057169
300 -0.8247042649 0.5553603667 -0.1069473635 2630.619954 0.5503189642 0.8316052234 0.0747113787 -2907.341261 0.1304297248 0.0027596303 -0.9914537162 227.2148181
301 -0.8296977021 0.5469273809 -0.111678839 2629.87262 0.5416959292 0.8371773094 0.0754961783 -2906.839125 0.134785917 0.0021430332 -0.9908724257 227.3224319
302 -0.8345337904 0.5392924757 -0.1127695809 2629.108948 0.5339452912 0.8421129793 0.0758165951 -2906.33982 0.135852047 0.0030587238 -0.9907244145 227.4281585
303 -0.8391769607 0.5328892661 -0.1086786949 2628.333316 0.5276029714 0.8461659677 0.0750883462 -2905.845408 0.1319739867 0.0056732078 -0.9912369452 227.5458431
304 -0.8426987904 0.5276716019 -0.1068710863 2627.552498 0.5227929934 0.8494361164 0.0717340241 -2905.354815 0.128632168 0.0045787202 -0.9916818042 227.6719529
305 -0.845194183 0.5225020471 -0.1124206557 2626.776341 0.5175762559 0.8526348132 0.071614905 -2904.870333 0.1332726992 0.002342239 -0.9910766376 227.7845761
306 -0.847266681 0.5177431017 -0.1186644512 2626.004068 0.5122142467 0.8555301047 0.0755301625 -2904.396153 0.140626231 0.0032125676 -0.9900575451 227.8934613
307 -0.8492948666 0.5130142871 -0.1245574997 2625.236235 0.5076572831 0.8583799598 0.0739454359 -2903.924295 0.1448527267 -0.0004310427 -0.9894531327 228.0129607
308 -0.8518663709 0.5087766464 -0.1243784958 2624.471133 0.5039984043 0.860892009 0.0696459429 -2903.460522 0.1425106824 -0.0033575268 -0.9897875693 228.1462799
309 -0.8537581793 0.5063667851 -0.1212008673 2623.707677 0.5016283054 0.8623163756 0.0691340115 -2903.011109 0.1395206598 -0.0017740579 -0.9902175712 228.2739095
310 -0.8545803577 0.5055555731 -0.118768576 2622.949759 0.5004759385 0.8627924347 0.0715055915 -2902.56977 0.1386226792 0.0016664594 -0.9903438674 228.3974043
311 -0.8548041477 0.5059392286 -0.1154788554 2622.195874 0.5002382404 0.862538474 0.0760860282 -2902.136002 0.1380998622 0.0072717131 -0.9903916146 228.5162069
312 -0.8540955858 0.5073796297 -0.1143968607 2621.445588 0.5012806573 0.8616621558 0.079095081 -2901.704324 0.1387026786 0.010209826 -0.990281438 228.6350333
313 -0.8533406227 0.5092285172 -0.1117859515 2620.70263 0.5028001706 0.8605239942 0.0817951335 -2901.273798 0.137846908 0.0135931146 -0.9903602664 228.7525557
314 -0.8523663932 0.5112477386 -0.1099876425 2619.968338 0.5044758331 0.8592728759 0.0845828503 -2900.846065 0.1377521889 0.0166094715 -0.9903274509 228.8701712
315 -0.8512704222 0.5130645468 -0.1100156315 2619.23945 0.5059805208 0.8581543948 0.0869180495 -2900.418609 0.1390049673 0.0183249982 -0.9901221205 228.9860372
316 -0.8501624303 0.5148096191 -0.1104305133 2618.515571 0.507580634 0.857099353 0.0879920398 -2899.9877 0.13994907 0.0187551365 -0.9899810618 229.0990785
317 -0.8487236982 0.5169744869 -0.1113798186 2617.799706 0.5095718364 0.8557908117 0.0892111552 -2899.560652 0.1414377166 0.0189596029 -0.9897655812 229.213036
318 -0.8471843017 0.5195270285 -0.1112224151 2617.089071 0.5119270496 0.8542210555 0.0907583835 -2899.136794 0.1421599621 0.019951315 -0.9896426073 229.3282797
319 -0.8451039801 0.5226832164 -0.1122564839 2616.386786 0.5149245804 0.8522956869 0.0918952591 -2898.715261 0.1437078267 0.0198574264 -0.989420913 229.4430569
320 -0.8430416188 0.5259452522 -0.1125274217 2615.690023 0.5181308845 0.8502920844 0.0924324491 -2898.294155 0.1442955838 0.019620469 -0.9893400941 229.5558466
321 -0.841178992 0.529160331 -0.111387825 2615.000836 0.5215275838 0.8483114188 0.0915244012 -2897.870681 0.1429226463 0.0188965803 -0.989553453 229.6703418
322 -0.8393643035 0.5323479197 -0.1098783802 2614.316944 0.5247420094 0.8463048164 0.0917277563 -2897.450087 0.1418216827 0.0193352022 -0.9897033698 229.7862166
323 -0.837411328 0.5354783373 -0.1095683261 2613.641847 0.5279192379 0.8443378242 0.0916237791 -2897.029186 0.1415752309 0.0188835634 -0.9897473743 229.8996095
324 -0.8354317527 0.5384509448 -0.1101107019 2612.974008 0.5308231017 0.8424519853 0.0922035094 -2896.60823 0.1424100462 0.0185804351 -0.9896333393 230.0092865
325 -0.8333382324 0.5416123951 -0.1104690178 2612.309362 0.533723084 0.8404022132 0.0941477017 -2896.189007 0.1438299692 0.0194970145 -0.9894103327 230.1164998
326 -0.8310562419 0.544916505 -0.1114070255 2611.649089 0.5368163843 0.8382591069 0.0956547918 -2895.770717 0.1455118285 0.0196893952 -0.9891605711 230.2256102
327 -0.8289020246 0.5481288219 -0.1116970373 2610.991328 0.5397789956 0.8361421513 0.0974932757 -2895.349799 0.1468334754 0.020520659 -0.988948347 230.3356728
328 -0.8266768673 0.5515101692 -0.1115432216 2610.335422 0.543118617 0.8339179803 0.0979947447 -2894.925892 0.1470629963 0.0204287883 -0.9889161439 230.4460258
329 -0.8244890327 0.5549487448 -0.1106784783 2609.678657 0.546500345 0.8316221478 0.0987014497 -2894.498782 0.1468169195 0.0208924362 -0.9889430207 230.5579465
330 -0.8226090951 0.5579919863 -0.1093582183 2609.022552 0.549637081 0.8295839483 0.0984355214 -2894.067649 0.1456480546 0.0208666233 -0.9891163876 230.6706201
331 -0.8208136944 0.5606941785 -0.10902714 2608.365713 0.5523007579 0.8277575676 0.0989003645 -2893.632258 0.1457008989 0.0209630015 -0.9891065669 230.784099
332 -0.8188518013 0.5636019057 -0.1087870372 2607.707249 0.5550256312 0.8257592454 0.1003405073 -2893.192929 0.1463840029 0.0217844112 -0.9889879489 230.8957341
333 -0.8158505695 0.5677640741 -0.1096895817 2607.048488 0.558843147 0.8228829189 0.1027523184 -2892.753055 0.1486007581 0.0225312665 -0.9886405599 231.005612
334 -0.8117025562 0.5737325109 -0.1094073407 2606.389544 0.5642907869 0.8186680784 0.1065761945 -2892.307636 0.150714525 0.0247706151 -0.988266942 231.1169578
335 -0.8056750375 0.5822993924 -0.1086975232 2605.730468 0.5723248846 0.8125281652 0.110644508 -2891.860125 0.1527480288 0.0269332207 -0.9878980926 231.230454
336 -0.7979944063 0.5932037204 -0.1063685747 2605.075071 0.5826915994 0.804497233 0.1151290669 -2891.403409 0.1538682149 0.0298922764 -0.9876391164 231.3467353
337 -0.7882038396 0.6064915815 -0.1044158452 2604.424818 0.5955168907 0.7944560767 0.1191602918 -2890.936829 0.1552235165 0.0317412 -0.9873693109 231.4660127
338 -0.7765836184 0.6218834337 -0.1008904287 2603.780516 0.6106505869 0.7823984634 0.122304968 -2890.458499 0.1549959499 0.0333712351 -0.9873513135 231.5858823
339 -0.7631615592 0.6390734756 -0.0957576493 2603.144855 0.6276430562 0.7683176049 0.1255079758 -2889.968904 0.1537811061 0.0356812388 -0.9874604907 231.7068446
340 -0.7480184346 0.6576102759 -0.0895385196 2602.519202 0.6461531695 0.752406887 0.1279451367 -2889.466121 0.1515074355 0.0378497227 -0.9877311858 231.8295007
341 -0.7309179824 0.677060911 -0.0857171263 2601.909936 0.6656469239 0.7349716939 0.1293475236 -2888.946041 0.1505758137 0.0374850895 -0.9878875404 231.9512005
342 -0.7122270776 0.697387395 -0.0798962528 2601.311803 0.6859092121 0.7156224782 0.1319584075 -2888.413172 0.1492016845 0.0391827751 -0.988030145 232.0680808
343 -0.6924091407 0.7176024044 -0.0749424512 2600.730016 0.7061349091 0.6953187202 0.1338109394 -2887.864864 0.1481319411 0.0397324366 -0.9881691462 232.1862571
