1 0.810132 3.447534e-02 -0.585233 -2.731806e+03 0.585501 -9.794924e-02 0.804733 6.723182e+02 -0.029579 -9.945943e-01 -0.099536 1.153017e+02 0.000000 0 0.000000 1 
10 0.808551 3.131496e-02 -0.587593 -2.731965e+03 0.587711 -9.223326e-02 0.803797 6.725476e+02 -0.029024 -9.952451e-01 -0.092979 1.153041e+02 0.000000 0 0.000000 1 
13 0.806290 2.996821e-02 -0.590761 -2.732148e+03 0.590827 -8.917612e-02 0.801855 6.728075e+02 -0.028651 -9.955652e-01 -0.089607 1.153048e+02 0.000000 0 0.000000 1 
15 0.803656 2.816196e-02 -0.594428 -2.732324e+03 0.594425 -8.539771e-02 0.799604 6.730564e+02 -0.028244 -9.959491e-01 -0.085370 1.153069e+02 0.000000 0 0.000000 1 
17 0.799593 2.233694e-02 -0.600127 -2.732551e+03 0.599814 -7.892621e-02 0.796238 6.733784e+02 -0.029580 -9.966304e-01 -0.076506 1.153047e+02 0.000000 0 0.000000 1 
18 0.797073 2.328650e-02 -0.603434 -2.732693e+03 0.603193 -7.848626e-02 0.793725 6.735712e+02 -0.028878 -9.966434e-01 -0.076605 1.153069e+02 0.000000 0 0.000000 1 
19 0.794701 2.642632e-02 -0.606426 -2.732854e+03 0.606398 -7.914531e-02 0.791213 6.737827e+02 -0.027087 -9.965130e-01 -0.078921 1.153105e+02 0.000000 0 0.000000 1 
20 0.792313 2.834114e-02 -0.609457 -2.733026e+03 0.609563 -7.927987e-02 0.788763 6.740110e+02 -0.025963 -9.964497e-01 -0.080089 1.153150e+02 0.000000 0 0.000000 1 
21 0.789959 2.902987e-02 -0.612472 -2.733208e+03 0.612632 -7.882422e-02 0.786428 6.742554e+02 -0.025447 -9.964660e-01 -0.080052 1.153187e+02 0.000000 0 0.000000 1 
22 0.787809 2.924025e-02 -0.615225 -2.733402e+03 0.615410 -7.804487e-02 0.784334 6.745163e+02 -0.025081 -9.965212e-01 -0.079478 1.153226e+02 0.000000 0 0.000000 1 
23 0.786206 2.941864e-02 -0.617264 -2.733609e+03 0.617510 -7.575323e-02 0.782907 6.747911e+02 -0.023727 -9.966928e-01 -0.077723 1.153271e+02 0.000000 0 0.000000 1 
24 0.785223 2.961711e-02 -0.618505 -2.733829e+03 0.618783 -7.479779e-02 0.781993 6.750850e+02 -0.023102 -9.967590e-01 -0.077059 1.153316e+02 0.000000 0 0.000000 1 
25 0.784899 3.059575e-02 -0.618868 -2.734061e+03 0.619230 -7.437024e-02 0.781680 6.753992e+02 -0.022109 -9.967615e-01 -0.077318 1.153353e+02 0.000000 0 0.000000 1 
26 0.785325 3.108965e-02 -0.618303 -2.734305e+03 0.618736 -7.290174e-02 0.782209 6.757302e+02 -0.020756 -9.968547e-01 -0.076487 1.153412e+02 0.000000 0 0.000000 1 
27 0.786026 3.051004e-02 -0.617440 -2.734557e+03 0.617870 -7.112433e-02 0.783057 6.760772e+02 -0.020024 -9.970010e-01 -0.074756 1.153486e+02 0.000000 0 0.000000 1 
28 0.786704 3.013770e-02 -0.616594 -2.734819e+03 0.617026 -6.977528e-02 0.783844 6.764418e+02 -0.019399 -9.971076e-01 -0.073487 1.153561e+02 0.000000 0 0.000000 1 
29 0.787713 3.052698e-02 -0.615286 -2.735093e+03 0.615783 -6.806062e-02 0.784971 6.768197e+02 -0.017914 -9.972143e-01 -0.072409 1.153668e+02 0.000000 0 0.000000 1 
30 0.789152 3.012364e-02 -0.613459 -2.735371e+03 0.613949 -6.717397e-02 0.786483 6.772112e+02 -0.017516 -9.972867e-01 -0.071504 1.153774e+02 0.000000 0 0.000000 1 
31 0.790912 2.931538e-02 -0.611227 -2.735657e+03 0.611721 -6.404686e-02 0.788477 6.776125e+02 -0.016032 -9.975165e-01 -0.068587 1.153862e+02 0.000000 0 0.000000 1 
32 0.792863 2.816817e-02 -0.608749 -2.735948e+03 0.609196 -6.258891e-02 0.790546 6.780310e+02 -0.015832 -9.976420e-01 -0.066784 1.153960e+02 0.000000 0 0.000000 1 
33 0.794894 2.843727e-02 -0.606081 -2.736251e+03 0.606571 -6.141090e-02 0.792654 6.784634e+02 -0.014679 -9.977076e-01 -0.066064 1.154074e+02 0.000000 0 0.000000 1 
34 0.797013 2.997600e-02 -0.603218 -2.736563e+03 0.603820 -6.129631e-02 0.794761 6.789109e+02 -0.013151 -9.976696e-01 -0.066953 1.154206e+02 0.000000 0 0.000000 1 
35 0.798872 3.247741e-02 -0.600624 -2.736885e+03 0.601398 -6.170165e-02 0.796564 6.793718e+02 -0.011189 -9.975663e-01 -0.068823 1.154347e+02 0.000000 0 0.000000 1 
36 0.800248 3.381784e-02 -0.598715 -2.737213e+03 0.599571 -6.323003e-02 0.797820 6.798486e+02 -0.010876 -9.974261e-01 -0.070875 1.154473e+02 0.000000 0 0.000000 1 
37 0.801440 3.429441e-02 -0.597091 -2.737548e+03 0.597965 -6.513802e-02 0.798871 6.803401e+02 -0.011496 -9.972870e-01 -0.072710 1.154583e+02 0.000000 0 0.000000 1 
38 0.802591 3.538091e-02 -0.595480 -2.737892e+03 0.596439 -6.511001e-02 0.800013 6.808442e+02 -0.010466 -9.972509e-01 -0.073358 1.154704e+02 0.000000 0 0.000000 1 
39 0.803900 3.696314e-02 -0.593615 -2.738247e+03 0.594700 -6.474939e-02 0.801336 6.813621e+02 -0.008816 -9.972170e-01 -0.074033 1.154832e+02 0.000000 0 0.000000 1 
40 0.804928 3.505355e-02 -0.592336 -2.738606e+03 0.593250 -6.783097e-02 0.802156 6.819008e+02 -0.012060 -9.970811e-01 -0.075394 1.154940e+02 0.000000 0 0.000000 1 
41 0.805126 3.471994e-02 -0.592087 -2.738976e+03 0.592973 -6.814461e-02 0.802334 6.824497e+02 -0.012490 -9.970714e-01 -0.075452 1.155047e+02 0.000000 0 0.000000 1 
42 0.805556 3.604759e-02 -0.591422 -2.739358e+03 0.592399 -6.918729e-02 0.802669 6.830141e+02 -0.011984 -9.969524e-01 -0.077088 1.155123e+02 0.000000 0 0.000000 1 
43 0.806239 3.846783e-02 -0.590338 -2.739751e+03 0.591498 -7.003733e-02 0.803259 6.835904e+02 -0.010446 -9.968026e-01 -0.079220 1.155222e+02 0.000000 0 0.000000 1 
44 0.806703 3.587381e-02 -0.589868 -2.740146e+03 0.590787 -7.296461e-02 0.803522 6.841851e+02 -0.014214 -9.966894e-01 -0.080054 1.155317e+02 0.000000 0 0.000000 1 
45 0.806832 3.498541e-02 -0.589744 -2.740549e+03 0.590612 -7.167694e-02 0.803766 6.847884e+02 -0.014151 -9.968144e-01 -0.078493 1.155433e+02 0.000000 0 0.000000 1 
46 0.807431 3.519361e-02 -0.588911 -2.740965e+03 0.589806 -7.112500e-02 0.804407 6.854036e+02 -0.013576 -9.968466e-01 -0.078185 1.155531e+02 0.000000 0 0.000000 1 
47 0.807751 3.610817e-02 -0.588417 -2.741389e+03 0.589399 -6.998958e-02 0.804804 6.860297e+02 -0.012123 -9.968942e-01 -0.077816 1.155634e+02 0.000000 0 0.000000 1 
48 0.808067 3.672311e-02 -0.587945 -2.741821e+03 0.588964 -7.108663e-02 0.805027 6.866725e+02 -0.012232 -9.967941e-01 -0.079071 1.155729e+02 0.000000 0 0.000000 1 
49 0.808516 3.771635e-02 -0.587264 -2.742261e+03 0.588337 -7.341864e-02 0.805276 6.873303e+02 -0.012744 -9.965880e-01 -0.081549 1.155819e+02 0.000000 0 0.000000 1 
50 0.808945 4.000123e-02 -0.586521 -2.742710e+03 0.587747 -7.659024e-02 0.805411 6.880011e+02 -0.012704 -9.962602e-01 -0.085467 1.155886e+02 0.000000 0 0.000000 1 
51 0.809401 4.248669e-02 -0.585717 -2.743165e+03 0.587140 -7.844221e-02 0.805676 6.886807e+02 -0.011714 -9.960131e-01 -0.088436 1.155967e+02 0.000000 0 0.000000 1 
52 0.809860 4.419070e-02 -0.584956 -2.743625e+03 0.586496 -8.177049e-02 0.805814 6.893669e+02 -0.012222 -9.956712e-01 -0.092140 1.156007e+02 0.000000 0 0.000000 1 
53 0.810255 4.402891e-02 -0.584422 -2.744085e+03 0.585902 -8.535803e-02 0.805874 6.900638e+02 -0.014403 -9.953773e-01 -0.094958 1.156035e+02 0.000000 0 0.000000 1 
54 0.810540 4.640078e-02 -0.583842 -2.744555e+03 0.585551 -8.545223e-02 0.806120 6.907624e+02 -0.012486 -9.952614e-01 -0.096432 1.156046e+02 0.000000 0 0.000000 1 
55 0.811041 5.003977e-02 -0.582845 -2.745035e+03 0.584938 -8.263089e-02 0.806858 6.914634e+02 -0.007786 -9.953234e-01 -0.096286 1.156058e+02 0.000000 0 0.000000 1 
56 0.812044 4.258184e-02 -0.582041 -2.745499e+03 0.583457 -8.110104e-02 0.808085 6.921792e+02 -0.012794 -9.957961e-01 -0.090701 1.156125e+02 0.000000 0 0.000000 1 
57 0.812997 3.865173e-02 -0.580984 -2.745970e+03 0.582094 -7.843762e-02 0.809330 6.929032e+02 -0.014289 -9.961697e-01 -0.086268 1.156219e+02 0.000000 0 0.000000 1 
58 0.815022 4.254328e-02 -0.577867 -2.746460e+03 0.579354 -7.612428e-02 0.811514 6.936346e+02 -0.009465 -9.961906e-01 -0.086690 1.156224e+02 0.000000 0 0.000000 1 
59 0.817135 4.504343e-02 -0.574685 -2.746948e+03 0.576379 -7.924658e-02 0.813331 6.943844e+02 -0.008906 -9.958371e-01 -0.090716 1.156261e+02 0.000000 0 0.000000 1 
60 0.819609 4.680767e-02 -0.571008 -2.747434e+03 0.572835 -8.449295e-02 0.815304 6.951462e+02 -0.010083 -9.953243e-01 -0.096063 1.156285e+02 0.000000 0 0.000000 1 
61 0.823174 4.800686e-02 -0.565757 -2.747919e+03 0.567718 -8.557421e-02 0.818764 6.959119e+02 -0.009108 -9.951748e-01 -0.097696 1.156287e+02 0.000000 0 0.000000 1 
62 0.827652 4.942726e-02 -0.559062 -2.748402e+03 0.561196 -8.576902e-02 0.823227 6.966847e+02 -0.007260 -9.950885e-01 -0.098724 1.156275e+02 0.000000 0 0.000000 1 
63 0.832514 5.086419e-02 -0.551665 -2.748883e+03 0.553984 -8.516436e-02 0.828160 6.974689e+02 -0.004858 -9.950680e-01 -0.099078 1.156253e+02 0.000000 0 0.000000 1 
64 0.837794 5.210159e-02 -0.543495 -2.749357e+03 0.545978 -8.545494e-02 0.833430 6.982652e+02 -0.003021 -9.949791e-01 -0.100039 1.156245e+02 0.000000 0 0.000000 1 
65 0.843535 5.235536e-02 -0.534517 -2.749828e+03 0.537073 -8.519541e-02 0.839223 6.990724e+02 -0.001600 -9.949880e-01 -0.099983 1.156233e+02 0.000000 0 0.000000 1 
66 0.849725 5.296045e-02 -0.524560 -2.750294e+03 0.527227 -8.651958e-02 0.845308 6.998923e+02 -0.000617 -9.948417e-01 -0.101439 1.156186e+02 0.000000 0 0.000000 1 
67 0.856199 5.375133e-02 -0.513844 -2.750753e+03 0.516648 -8.811526e-02 0.851652 7.007270e+02 0.000500 -9.946592e-01 -0.103214 1.156149e+02 0.000000 0 0.000000 1 
68 0.863049 5.247322e-02 -0.502388 -2.751199e+03 0.505121 -9.031418e-02 0.858310 7.015741e+02 -0.000334 -9.945302e-01 -0.104450 1.156114e+02 0.000000 0 0.000000 1 
69 0.869810 5.334488e-02 -0.490495 -2.751640e+03 0.493386 -9.162848e-02 0.864971 7.024345e+02 0.001199 -9.943636e-01 -0.106018 1.156044e+02 0.000000 0 0.000000 1 
70 0.877067 5.219545e-02 -0.477525 -2.752070e+03 0.480368 -9.304157e-02 0.872118 7.033101e+02 0.001091 -9.942934e-01 -0.106676 1.155974e+02 0.000000 0 0.000000 1 
71 0.884566 4.834130e-02 -0.463904 -2.752482e+03 0.466413 -9.550756e-02 0.879396 7.042013e+02 -0.001795 -9.942544e-01 -0.107029 1.155894e+02 0.000000 0 0.000000 1 
72 0.891810 5.005406e-02 -0.449633 -2.752894e+03 0.452410 -9.674220e-02 0.886548 7.051035e+02 0.000877 -9.940503e-01 -0.108920 1.155771e+02 0.000000 0 0.000000 1 
73 0.899164 4.926990e-02 -0.434830 -2.753289e+03 0.437613 -1.008466e-01 0.893490 7.060236e+02 0.000171 -9.936815e-01 -0.112238 1.155617e+02 0.000000 0 0.000000 1 
74 0.906767 4.493738e-02 -0.419231 -2.753661e+03 0.421617 -1.054499e-01 0.900622 7.069563e+02 -0.003736 -9.934090e-01 -0.114564 1.155479e+02 0.000000 0 0.000000 1 
75 0.914557 4.288312e-02 -0.402178 -2.754028e+03 0.404455 -1.008803e-01 0.908977 7.078930e+02 -0.001592 -9.939742e-01 -0.109604 1.155391e+02 0.000000 0 0.000000 1 
76 0.922116 4.013990e-02 -0.384826 -2.754375e+03 0.386909 -1.006931e-01 0.916604 7.088472e+02 -0.001957 -9.941077e-01 -0.108380 1.155249e+02 0.000000 0 0.000000 1 
77 0.929513 3.609014e-02 -0.367021 -2.754703e+03 0.368775 -1.001531e-01 0.924107 7.098186e+02 -0.003407 -9.943175e-01 -0.106402 1.155207e+02 0.000000 0 0.000000 1 
78 0.936643 3.311918e-02 -0.348716 -2.755013e+03 0.350242 -1.043641e-01 0.930827 7.108078e+02 -0.005565 -9.939878e-01 -0.109351 1.155086e+02 0.000000 0 0.000000 1 
79 0.943562 3.019601e-02 -0.329818 -2.755311e+03 0.331117 -1.080584e-01 0.937382 7.118155e+02 -0.007334 -9.936861e-01 -0.111957 1.154987e+02 0.000000 0 0.000000 1 
80 0.950234 2.787171e-02 -0.310290 -2.755590e+03 0.311430 -1.114772e-01 0.943708 7.128334e+02 -0.008287 -9.933763e-01 -0.114609 1.154823e+02 0.000000 0 0.000000 1 
81 0.956469 2.528888e-02 -0.290738 -2.755849e+03 0.291704 -1.127991e-01 0.949834 7.138627e+02 -0.008774 -9.932962e-01 -0.115265 1.154662e+02 0.000000 0 0.000000 1 
82 0.962341 2.244413e-02 -0.270917 -2.756090e+03 0.271694 -1.126600e-01 0.955767 7.149045e+02 -0.009070 -9.933803e-01 -0.114515 1.154490e+02 0.000000 0 0.000000 1 
83 0.967787 1.997488e-02 -0.250979 -2.756310e+03 0.251609 -1.127057e-01 0.961244 7.159563e+02 -0.009086 -9.934278e-01 -0.114100 1.154318e+02 0.000000 0 0.000000 1 
84 0.972827 1.777974e-02 -0.230850 -2.756511e+03 0.231360 -1.132613e-01 0.966253 7.170230e+02 -0.008966 -9.934064e-01 -0.114296 1.154146e+02 0.000000 0 0.000000 1 
85 0.977424 1.660660e-02 -0.210634 -2.756697e+03 0.211119 -1.165721e-01 0.970484 7.181055e+02 -0.008437 -9.930436e-01 -0.117446 1.153929e+02 0.000000 0 0.000000 1 
86 0.981558 1.563985e-02 -0.190526 -2.756863e+03 0.191007 -1.209915e-01 0.974103 7.192005e+02 -0.007817 -9.925306e-01 -0.121747 1.153704e+02 0.000000 0 0.000000 1 
87 0.985308 1.486218e-02 -0.170144 -2.757008e+03 0.170661 -1.247653e-01 0.977399 7.203047e+02 -0.006702 -9.920752e-01 -0.125468 1.153436e+02 0.000000 0 0.000000 1 
88 0.988666 1.391361e-02 -0.149488 -2.757131e+03 0.150046 -1.257100e-01 0.980654 7.214172e+02 -0.005147 -9.919697e-01 -0.126372 1.153152e+02 0.000000 0 0.000000 1 
89 0.991592 1.245424e-02 -0.128807 -2.757231e+03 0.129349 -1.255258e-01 0.983622 7.225367e+02 -0.003918 -9.920124e-01 -0.126080 1.152855e+02 0.000000 0 0.000000 1 
90 0.994090 9.293281e-03 -0.108163 -2.757303e+03 0.108472 -1.253774e-01 0.986161 7.236627e+02 -0.004396 -9.920658e-01 -0.125644 1.152566e+02 0.000000 0 0.000000 1 
91 0.996150 7.028592e-03 -0.087389 -2.757351e+03 0.087579 -1.255917e-01 0.988209 7.247983e+02 -0.004029 -9.920573e-01 -0.125723 1.152265e+02 0.000000 0 0.000000 1 
92 0.997783 4.586932e-03 -0.066402 -2.757375e+03 0.066455 -1.248646e-01 0.989946 7.259406e+02 -0.003750 -9.921634e-01 -0.124892 1.151988e+02 0.000000 0 0.000000 1 
93 0.998973 1.598635e-03 -0.045288 -2.757377e+03 0.045136 -1.244026e-01 0.991205 7.270877e+02 -0.004049 -9.922308e-01 -0.124346 1.151713e+02 0.000000 0 0.000000 1 
94 0.999708 -1.277639e-04 -0.024168 -2.757352e+03 0.023963 -1.246503e-01 0.991911 7.282449e+02 -0.003139 -9.922010e-01 -0.124610 1.151418e+02 0.000000 0 0.000000 1 
95 0.999994 -2.160078e-03 -0.002981 -2.757304e+03 0.002688 -1.249574e-01 0.992158 7.294103e+02 -0.002515 -9.921600e-01 -0.124950 1.151153e+02 0.000000 0 0.000000 1 
96 0.999814 -6.394616e-03 0.018215 -2.757228e+03 -0.018876 -1.260392e-01 0.991845 7.305831e+02 -0.004046 -9.920049e-01 -0.126136 1.150849e+02 0.000000 0 0.000000 1 
97 0.999176 -8.711793e-03 0.039644 -2.757129e+03 -0.040432 -1.278219e-01 0.990972 7.317637e+02 -0.003566 -9.917591e-01 -0.128068 1.150536e+02 0.000000 0 0.000000 1 
98 0.998054 -1.055872e-02 0.061471 -2.757004e+03 -0.062319 -1.283029e-01 0.989775 7.329473e+02 -0.002564 -9.916791e-01 -0.128710 1.150204e+02 0.000000 0 0.000000 1 
99 0.996411 -1.487117e-02 0.083340 -2.756850e+03 -0.084558 -1.276504e-01 0.988208 7.341328e+02 -0.004057 -9.917080e-01 -0.128449 1.149871e+02 0.000000 0 0.000000 1 
100 0.994311 -1.659153e-02 0.105225 -2.756671e+03 -0.106488 -1.287069e-01 0.985949 7.353278e+02 -0.002815 -9.915441e-01 -0.129741 1.149485e+02 0.000000 0 0.000000 1 
101 0.991694 -1.948886e-02 0.127140 -2.756463e+03 -0.128595 -1.289085e-01 0.983283 7.365225e+02 -0.002773 -9.914652e-01 -0.130343 1.149151e+02 0.000000 0 0.000000 1 
102 0.988642 -2.324603e-02 0.148482 -2.756225e+03 -0.150241 -1.276430e-01 0.980375 7.377157e+02 -0.003837 -9.915480e-01 -0.129685 1.148796e+02 0.000000 0 0.000000 1 
103 0.985049 -2.850790e-02 0.169900 -2.755960e+03 -0.172156 -1.262178e-01 0.976950 7.389100e+02 -0.006406 -9.915931e-01 -0.129238 1.148430e+02 0.000000 0 0.000000 1 
104 0.980991 -3.355012e-02 0.191132 -2.755665e+03 -0.193865 -1.259257e-01 0.972913 7.401030e+02 -0.008573 -9.914724e-01 -0.130035 1.148078e+02 0.000000 0 0.000000 1 
105 0.976549 -3.774043e-02 0.211964 -2.755343e+03 -0.215052 -1.239919e-01 0.968699 7.412946e+02 -0.010277 -9.915655e-01 -0.129199 1.147745e+02 0.000000 0 0.000000 1 
106 0.971945 -3.783601e-02 0.232146 -2.755005e+03 -0.235082 -1.239276e-01 0.964042 7.424863e+02 -0.007706 -9.915699e-01 -0.129345 1.147389e+02 0.000000 0 0.000000 1 
107 0.967129 -3.797485e-02 0.251437 -2.754644e+03 -0.254213 -1.202385e-01 0.959645 7.436734e+02 -0.006210 -9.920187e-01 -0.125939 1.147103e+02 0.000000 0 0.000000 1 
108 0.962060 -3.950947e-02 0.269963 -2.754258e+03 -0.272750 -1.140243e-01 0.955304 7.448568e+02 -0.006961 -9.926923e-01 -0.120474 1.146840e+02 0.000000 0 0.000000 1 
109 0.956925 -4.250402e-02 0.287209 -2.753845e+03 -0.290208 -1.104604e-01 0.950567 7.460418e+02 -0.008677 -9.929715e-01 -0.118036 1.146599e+02 0.000000 0 0.000000 1 
110 0.951924 -5.026420e-02 0.302184 -2.753405e+03 -0.306006 -1.102366e-01 0.945626 7.472187e+02 -0.014219 -9.926338e-01 -0.120317 1.146364e+02 0.000000 0 0.000000 1 
111 0.947036 -6.010376e-02 0.315455 -2.752938e+03 -0.320316 -1.069173e-01 0.941258 7.483841e+02 -0.022845 -9.924498e-01 -0.120506 1.146190e+02 0.000000 0 0.000000 1 
112 0.942429 -6.170410e-02 0.328666 -2.752471e+03 -0.333590 -1.047599e-01 0.936879 7.495478e+02 -0.023378 -9.925817e-01 -0.119312 1.145954e+02 0.000000 0 0.000000 1 
113 0.937633 -5.757010e-02 0.342828 -2.751997e+03 -0.347095 -1.004488e-01 0.932435 7.507012e+02 -0.019243 -9.932755e-01 -0.114166 1.145823e+02 0.000000 0 0.000000 1 
114 0.932356 -5.570793e-02 0.357226 -2.751504e+03 -0.361169 -9.855476e-02 0.927278 7.518509e+02 -0.016450 -9.935714e-01 -0.112007 1.145655e+02 0.000000 0 0.000000 1 
115 0.926888 -5.465512e-02 0.371339 -2.750993e+03 -0.375077 -9.786279e-02 0.921813 7.529960e+02 -0.014041 -9.936982e-01 -0.111207 1.145571e+02 0.000000 0 0.000000 1 
116 0.921023 -5.822465e-02 0.385132 -2.750460e+03 -0.389175 -9.662509e-02 0.916082 7.541282e+02 -0.016125 -9.936166e-01 -0.111653 1.145461e+02 0.000000 0 0.000000 1 
117 0.914857 -6.431615e-02 0.398624 -2.749903e+03 -0.403214 -9.329735e-02 0.910337 7.552458e+02 -0.021358 -9.935590e-01 -0.111286 1.145375e+02 0.000000 0 0.000000 1 
118 0.908325 -7.292512e-02 0.411859 -2.749323e+03 -0.417389 -9.432895e-02 0.903819 7.563536e+02 -0.027061 -9.928668e-01 -0.116119 1.145201e+02 0.000000 0 0.000000 1 
119 0.901455 -8.201549e-02 0.425034 -2.748726e+03 -0.431622 -9.565147e-02 0.896969 7.574514e+02 -0.032910 -9.920306e-01 -0.121624 1.145004e+02 0.000000 0 0.000000 1 
120 0.894356 -8.459535e-02 0.439285 -2.748126e+03 -0.445972 -9.139061e-02 0.890369 7.585217e+02 -0.035174 -9.922156e-01 -0.119462 1.144884e+02 0.000000 0 0.000000 1 
121 0.887171 -7.471172e-02 0.455353 -2.747532e+03 -0.460416 -7.758151e-02 0.884306 7.595679e+02 -0.030741 -9.941829e-01 -0.103226 1.144874e+02 0.000000 0 0.000000 1 
122 0.879668 -6.207589e-02 0.471521 -2.746927e+03 -0.475052 -6.758634e-02 0.877358 7.606019e+02 -0.022594 -9.957807e-01 -0.088942 1.144951e+02 0.000000 0 0.000000 1 
123 0.871425 -5.087026e-02 0.487885 -2.746307e+03 -0.490440 -7.124296e-02 0.868558 7.616465e+02 -0.009425 -9.961612e-01 -0.087031 1.145064e+02 0.000000 0 0.000000 1 
124 0.862939 -4.754995e-02 0.503067 -2.745661e+03 -0.505308 -7.833616e-02 0.859376 7.626792e+02 -0.001455 -9.957926e-01 -0.091626 1.145179e+02 0.000000 0 0.000000 1 
125 0.854340 -4.982751e-02 0.517321 -2.744995e+03 -0.519705 -8.833280e-02 0.849767 7.637060e+02 0.003355 -9.948442e-01 -0.101361 1.145200e+02 0.000000 0 0.000000 1 
126 0.846689 -5.179976e-02 0.529562 -2.744319e+03 -0.532047 -9.505382e-02 0.841362 7.647107e+02 0.006755 -9.941237e-01 -0.108040 1.145200e+02 0.000000 0 0.000000 1 
127 0.838970 -5.291433e-02 0.541600 -2.743627e+03 -0.544164 -8.915565e-02 0.834228 7.656855e+02 0.004144 -9.946114e-01 -0.103592 1.145243e+02 0.000000 0 0.000000 1 
128 0.831617 -5.199989e-02 0.552911 -2.742930e+03 -0.555317 -8.883614e-02 0.826880 7.666500e+02 0.006121 -9.946882e-01 -0.102753 1.145179e+02 0.000000 0 0.000000 1 
129 0.824420 -4.782434e-02 0.563955 -2.742223e+03 -0.565878 -8.844519e-02 0.819731 7.676146e+02 0.010676 -9.949325e-01 -0.099978 1.145272e+02 0.000000 0 0.000000 1 
130 0.817226 -4.483455e-02 0.574572 -2.741504e+03 -0.576082 -9.210991e-02 0.812185 7.685706e+02 0.016510 -9.947392e-01 -0.101102 1.145265e+02 0.000000 0 0.000000 1 
131 0.810834 -4.434405e-02 0.583594 -2.740771e+03 -0.584977 -9.328316e-02 0.805667 7.695207e+02 0.018713 -9.946519e-01 -0.101577 1.145312e+02 0.000000 0 0.000000 1 
132 0.806319 -4.643876e-02 0.589655 -2.740026e+03 -0.591223 -9.272089e-02 0.801160 7.704546e+02 0.017469 -9.946088e-01 -0.102218 1.145346e+02 0.000000 0 0.000000 1 
133 0.803423 -4.666142e-02 0.593578 -2.739280e+03 -0.595177 -9.075642e-02 0.798453 7.713843e+02 0.016614 -9.947796e-01 -0.100687 1.145406e+02 0.000000 0 0.000000 1 
134 0.801029 -4.710080e-02 0.596770 -2.738531e+03 -0.598413 -8.963492e-02 0.796158 7.723062e+02 0.015992 -9.948606e-01 -0.099985 1.145431e+02 0.000000 0 0.000000 1 
135 0.798421 -4.669934e-02 0.600287 -2.737784e+03 -0.601866 -8.970953e-02 0.793542 7.732242e+02 0.016794 -9.948728e-01 -0.099732 1.145477e+02 0.000000 0 0.000000 1 
136 0.795625 -4.525223e-02 0.604097 -2.737034e+03 -0.605507 -8.987169e-02 0.790749 7.741462e+02 0.018508 -9.949250e-01 -0.098904 1.145527e+02 0.000000 0 0.000000 1 
137 0.792935 -4.431148e-02 0.607693 -2.736279e+03 -0.609003 -8.911990e-02 0.788145 7.750636e+02 0.019234 -9.950350e-01 -0.097651 1.145593e+02 0.000000 0 0.000000 1 
138 0.790195 -4.844079e-02 0.610939 -2.735515e+03 -0.612599 -9.132893e-02 0.785099 7.759731e+02 0.017766 -9.946421e-01 -0.101842 1.145611e+02 0.000000 0 0.000000 1 
139 0.787891 -4.831733e-02 0.613916 -2.734752e+03 -0.615390 -9.878679e-02 0.782007 7.768921e+02 0.022863 -9.939351e-01 -0.107566 1.145591e+02 0.000000 0 0.000000 1 
140 0.785158 -5.016372e-02 0.617261 -2.733982e+03 -0.618989 -9.498879e-02 0.779635 7.777842e+02 0.019524 -9.942139e-01 -0.105631 1.145613e+02 0.000000 0 0.000000 1 
141 0.782744 -4.018309e-02 0.621046 -2.733232e+03 -0.621848 -9.038928e-02 0.777904 7.786783e+02 0.024878 -9.950958e-01 -0.095739 1.145674e+02 0.000000 0 0.000000 1 
142 0.780386 -3.771505e-02 0.624160 -2.732466e+03 -0.624788 -8.733412e-02 0.775894 7.795703e+02 0.025248 -9.954651e-01 -0.091717 1.145750e+02 0.000000 0 0.000000 1 
143 0.778722 -4.013585e-02 0.626084 -2.731689e+03 -0.626909 -8.800123e-02 0.774106 7.804659e+02 0.024027 -9.953117e-01 -0.093689 1.145867e+02 0.000000 0 0.000000 1 
144 0.776812 -4.100716e-02 0.628396 -2.730909e+03 -0.629296 -8.771192e-02 0.772200 7.813571e+02 0.023452 -9.953017e-01 -0.093941 1.145964e+02 0.000000 0 0.000000 1 
145 0.774947 -4.006893e-02 0.630755 -2.730132e+03 -0.631481 -9.054286e-02 0.770087 7.822511e+02 0.026254 -9.950864e-01 -0.095468 1.145992e+02 0.000000 0 0.000000 1 
146 0.772995 -4.092031e-02 0.633092 -2.729350e+03 -0.633802 -9.359010e-02 0.767812 7.831435e+02 0.027832 -9.947698e-01 -0.098279 1.146044e+02 0.000000 0 0.000000 1 
147 0.770997 -3.955290e-02 0.635610 -2.728562e+03 -0.636146 -9.438913e-02 0.765773 7.840371e+02 0.029706 -9.947496e-01 -0.097934 1.146114e+02 0.000000 0 0.000000 1 
148 0.769284 -3.992207e-02 0.637659 -2.727769e+03 -0.638207 -9.474498e-02 0.764012 7.849282e+02 0.029914 -9.947010e-01 -0.098364 1.146167e+02 0.000000 0 0.000000 1 
149 0.768077 -4.096308e-02 0.639047 -2.726969e+03 -0.639643 -9.624591e-02 0.762623 7.858208e+02 0.030267 -9.945146e-01 -0.100125 1.146193e+02 0.000000 0 0.000000 1 
150 0.766983 -4.177054e-02 0.640307 -2.726172e+03 -0.640955 -9.690159e-02 0.761437 7.867114e+02 0.030241 -9.944173e-01 -0.101094 1.146214e+02 0.000000 0 0.000000 1 
151 0.766008 -4.053465e-02 0.641552 -2.725373e+03 -0.642107 -9.562881e-02 0.760627 7.876001e+02 0.030519 -9.945916e-01 -0.099279 1.146255e+02 0.000000 0 0.000000 1 
152 0.765213 -3.929150e-02 0.642578 -2.724573e+03 -0.643037 -9.454000e-02 0.759977 7.884875e+02 0.030889 -9.947456e-01 -0.097608 1.146311e+02 0.000000 0 0.000000 1 
153 0.764663 -3.986904e-02 0.643196 -2.723766e+03 -0.643729 -9.382302e-02 0.759480 7.893798e+02 0.030067 -9.947905e-01 -0.097407 1.146338e+02 0.000000 0 0.000000 1 
154 0.764330 -4.198965e-02 0.643457 -2.722956e+03 -0.644174 -9.459366e-02 0.759007 7.902720e+02 0.028997 -9.946303e-01 -0.099349 1.146376e+02 0.000000 0 0.000000 1 
155 0.763984 -4.553826e-02 0.643627 -2.722141e+03 -0.644683 -9.518695e-02 0.758501 7.911651e+02 0.026724 -9.944175e-01 -0.102078 1.146382e+02 0.000000 0 0.000000 1 
156 0.763874 -4.554056e-02 0.643757 -2.721328e+03 -0.644799 -9.565252e-02 0.758343 7.920655e+02 0.027042 -9.943727e-01 -0.102430 1.146411e+02 0.000000 0 0.000000 1 
157 0.763939 -4.400010e-02 0.643787 -2.720515e+03 -0.644635 -9.696257e-02 0.758317 7.929653e+02 0.029058 -9.943152e-01 -0.102437 1.146379e+02 0.000000 0 0.000000 1 
158 0.763954 -4.242315e-02 0.643875 -2.719698e+03 -0.644545 -9.749443e-02 0.758324 7.938700e+02 0.030604 -9.943317e-01 -0.101824 1.146384e+02 0.000000 0 0.000000 1 
159 0.763727 -4.035811e-02 0.644277 -2.718880e+03 -0.644686 -9.900649e-02 0.758009 7.947770e+02 0.033196 -9.942683e-01 -0.101631 1.146392e+02 0.000000 0 0.000000 1 
160 0.763569 -3.888799e-02 0.644554 -2.718063e+03 -0.644657 -1.033405e-01 0.757455 7.956857e+02 0.037153 -9.938858e-01 -0.103976 1.146369e+02 0.000000 0 0.000000 1 
161 0.763168 -3.627718e-02 0.645182 -2.717244e+03 -0.644988 -1.039132e-01 0.757095 7.965978e+02 0.039578 -9.939248e-01 -0.102701 1.146377e+02 0.000000 0 0.000000 1 
162 0.762562 -3.665402e-02 0.645876 -2.716419e+03 -0.645748 -1.030921e-01 0.756559 7.975036e+02 0.038854 -9.939965e-01 -0.102283 1.146362e+02 0.000000 0 0.000000 1 
163 0.761808 -3.516826e-02 0.646848 -2.715593e+03 -0.646503 -1.045079e-01 0.755719 7.984164e+02 0.041024 -9.939023e-01 -0.102351 1.146330e+02 0.000000 0 0.000000 1 
164 0.761074 -3.460435e-02 0.647742 -2.714760e+03 -0.647406 -1.027303e-01 0.755190 7.993240e+02 0.040410 -9.941074e-01 -0.100588 1.146366e+02 0.000000 0 0.000000 1 
165 0.760381 -3.220719e-02 0.648679 -2.713931e+03 -0.648126 -1.020315e-01 0.754667 8.002311e+02 0.041880 -9.942599e-01 -0.098456 1.146394e+02 0.000000 0 0.000000 1 
166 0.759552 -2.919435e-02 0.649792 -2.713098e+03 -0.648994 -1.007812e-01 0.754089 8.011443e+02 0.043472 -9.944804e-01 -0.095495 1.146468e+02 0.000000 0 0.000000 1 
167 0.758759 -2.961179e-02 0.650699 -2.712256e+03 -0.650013 -9.893320e-02 0.753456 8.020536e+02 0.042065 -9.946536e-01 -0.094314 1.146571e+02 0.000000 0 0.000000 1 
168 0.757966 -2.863734e-02 0.651666 -2.711414e+03 -0.650957 -9.718177e-02 0.752869 8.029654e+02 0.041770 -9.948548e-01 -0.092301 1.146696e+02 0.000000 0 0.000000 1 
169 0.757366 -3.220977e-02 0.652197 -2.710563e+03 -0.651896 -9.513194e-02 0.752317 8.038731e+02 0.037813 -9.949437e-01 -0.093046 1.146784e+02 0.000000 0 0.000000 1 
170 0.756779 -3.404635e-02 0.652784 -2.709710e+03 -0.652697 -9.389133e-02 0.751779 8.047863e+02 0.035696 -9.950004e-01 -0.093276 1.146926e+02 0.000000 0 0.000000 1 
171 0.755820 -3.356136e-02 0.653919 -2.708860e+03 -0.653802 -9.325203e-02 0.750898 8.057019e+02 0.035778 -9.950770e-01 -0.092423 1.147038e+02 0.000000 0 0.000000 1 
172 0.754675 -3.232900e-02 0.655302 -2.708012e+03 -0.654917 -9.704777e-02 0.749443 8.066206e+02 0.039367 -9.947548e-01 -0.094412 1.147100e+02 0.000000 0 0.000000 1 
173 0.753302 -3.227818e-02 0.656883 -2.707159e+03 -0.656222 -1.032722e-01 0.747468 8.075479e+02 0.043711 -9.941295e-01 -0.098976 1.147149e+02 0.000000 0 0.000000 1 
174 0.751933 -3.567893e-02 0.658273 -2.706298e+03 -0.657733 -1.080761e-01 0.745458 8.084731e+02 0.044547 -9.935024e-01 -0.104732 1.147108e+02 0.000000 0 0.000000 1 
175 0.750931 -3.428250e-02 0.659491 -2.705442e+03 -0.658698 -1.101541e-01 0.744301 8.093972e+02 0.047129 -9.933233e-01 -0.105299 1.147079e+02 0.000000 0 0.000000 1 
176 0.750246 -3.808214e-02 0.660061 -2.704569e+03 -0.659970 -1.029821e-01 0.744200 8.103044e+02 0.039634 -9.939542e-01 -0.102394 1.147123e+02 0.000000 0 0.000000 1 
177 0.749246 -4.191924e-02 0.660965 -2.703697e+03 -0.661438 -9.806296e-02 0.743562 8.112103e+02 0.033647 -9.942972e-01 -0.101199 1.147106e+02 0.000000 0 0.000000 1 
178 0.747504 -4.493231e-02 0.662736 -2.702813e+03 -0.663706 -9.116721e-02 0.742417 8.121177e+02 0.027062 -9.948216e-01 -0.097969 1.147212e+02 0.000000 0 0.000000 1 
179 0.745000 -4.869989e-02 0.665284 -2.701931e+03 -0.666580 -9.236387e-02 0.739689 8.130279e+02 0.025426 -9.945339e-01 -0.101273 1.147218e+02 0.000000 0 0.000000 1 
180 0.741853 -5.022911e-02 0.668679 -2.701046e+03 -0.670132 -9.128461e-02 0.736607 8.139378e+02 0.024041 -9.945575e-01 -0.101379 1.147280e+02 0.000000 0 0.000000 1 
181 0.739218 -5.086381e-02 0.671543 -2.700163e+03 -0.673019 -9.215783e-02 0.733862 8.148400e+02 0.024561 -9.944447e-01 -0.102356 1.147274e+02 0.000000 0 0.000000 1 
182 0.737225 -5.092049e-02 0.673726 -2.699277e+03 -0.675207 -9.155852e-02 0.731924 8.157416e+02 0.024416 -9.944972e-01 -0.101880 1.147319e+02 0.000000 0 0.000000 1 
183 0.736144 -5.090472e-02 0.674909 -2.698390e+03 -0.676416 -9.002698e-02 0.730997 8.166371e+02 0.023549 -9.946378e-01 -0.100705 1.147338e+02 0.000000 0 0.000000 1 
184 0.735435 -4.946512e-02 0.675788 -2.697504e+03 -0.677281 -8.405309e-02 0.730907 8.175254e+02 0.020648 -9.952330e-01 -0.095317 1.147455e+02 0.000000 0 0.000000 1 
185 0.735007 -4.630249e-02 0.676477 -2.696623e+03 -0.677712 -8.215229e-02 0.730724 8.184180e+02 0.021740 -9.955438e-01 -0.091761 1.147544e+02 0.000000 0 0.000000 1 
186 0.735055 -4.927039e-02 0.676216 -2.695737e+03 -0.677724 -8.229860e-02 0.730696 8.193080e+02 0.019650 -9.953893e-01 -0.093885 1.147658e+02 0.000000 0 0.000000 1 
187 0.735849 -5.358641e-02 0.675022 -2.694846e+03 -0.676944 -8.258562e-02 0.731387 8.201975e+02 0.016555 -9.951425e-01 -0.097045 1.147760e+02 0.000000 0 0.000000 1 
188 0.737282 -5.714654e-02 0.673164 -2.693965e+03 -0.675453 -8.210916e-02 0.732817 8.210834e+02 0.013395 -9.949838e-01 -0.099137 1.147814e+02 0.000000 0 0.000000 1 
189 0.739742 -6.242550e-02 0.669989 -2.693088e+03 -0.672846 -8.012995e-02 0.735430 8.219684e+02 0.007777 -9.948280e-01 -0.101277 1.147867e+02 0.000000 0 0.000000 1 
190 0.742669 -6.852133e-02 0.666144 -2.692214e+03 -0.669651 -8.093647e-02 0.738252 8.228568e+02 0.003330 -9.943614e-01 -0.105994 1.147869e+02 0.000000 0 0.000000 1 
191 0.745362 -7.065522e-02 0.662905 -2.691351e+03 -0.666660 -8.010830e-02 0.741045 8.237482e+02 0.000746 -9.942791e-01 -0.106812 1.147856e+02 0.000000 0 0.000000 1 
192 0.747715 -6.970970e-02 0.660351 -2.690492e+03 -0.664020 -7.792737e-02 0.743643 8.246405e+02 -0.000379 -9.945192e-01 -0.104555 1.147856e+02 0.000000 0 0.000000 1 
193 0.749771 -6.635835e-02 0.658362 -2.689645e+03 -0.661697 -7.634588e-02 0.745874 8.255357e+02 0.000769 -9.948710e-01 -0.101150 1.147856e+02 0.000000 0 0.000000 1 
194 0.751503 -6.311806e-02 0.656704 -2.688799e+03 -0.659727 -7.545650e-02 0.747708 8.264301e+02 0.002359 -9.951497e-01 -0.098346 1.147893e+02 0.000000 0 0.000000 1 
195 0.752726 -6.074385e-02 0.655527 -2.687957e+03 -0.658324 -7.516928e-02 0.748972 8.273274e+02 0.003780 -9.953192e-01 -0.096570 1.147981e+02 0.000000 0 0.000000 1 
196 0.753869 -5.917562e-02 0.654355 -2.687119e+03 -0.656997 -7.717302e-02 0.749932 8.282269e+02 0.006121 -9.952603e-01 -0.097056 1.148074e+02 0.000000 0 0.000000 1 
197 0.754765 -5.736615e-02 0.653482 -2.686285e+03 -0.655943 -7.854965e-02 0.750712 8.291247e+02 0.008266 -9.952585e-01 -0.096915 1.148174e+02 0.000000 0 0.000000 1 
198 0.755320 -5.717748e-02 0.652858 -2.685450e+03 -0.655307 -7.825281e-02 0.751299 8.300163e+02 0.008131 -9.952928e-01 -0.096574 1.148256e+02 0.000000 0 0.000000 1 
199 0.755744 -6.017494e-02 0.652098 -2.684612e+03 -0.654844 -7.809990e-02 0.751718 8.309087e+02 0.005694 -9.951281e-01 -0.098428 1.148294e+02 0.000000 0 0.000000 1 
200 0.756818 -6.238612e-02 0.650642 -2.683778e+03 -0.653615 -7.834303e-02 0.752762 8.317999e+02 0.004012 -9.949728e-01 -0.100067 1.148371e+02 0.000000 0 0.000000 1 
201 0.758442 -6.622156e-02 0.648368 -2.682946e+03 -0.651740 -7.508847e-02 0.754716 8.326840e+02 -0.001293 -9.949758e-01 -0.100109 1.148427e+02 0.000000 0 0.000000 1 
202 0.760527 -6.727918e-02 0.645811 -2.682121e+03 -0.649299 -7.387411e-02 0.756937 8.335704e+02 -0.003217 -9.949958e-01 -0.099867 1.148470e+02 0.000000 0 0.000000 1 
203 0.762362 -6.592762e-02 0.643784 -2.681309e+03 -0.647144 -7.292550e-02 0.758872 8.344582e+02 -0.003082 -9.951562e-01 -0.098260 1.148512e+02 0.000000 0 0.000000 1 
204 0.764200 -6.409935e-02 0.641787 -2.680499e+03 -0.644974 -7.136625e-02 0.760865 8.353477e+02 -0.002969 -9.953887e-01 -0.095880 1.148582e+02 0.000000 0 0.000000 1 
205 0.765806 -6.302332e-02 0.639976 -2.679694e+03 -0.643069 -7.226028e-02 0.762391 8.362405e+02 -0.001803 -9.953929e-01 -0.095865 1.148644e+02 0.000000 0 0.000000 1 
206 0.767550 -6.187829e-02 0.637995 -2.678894e+03 -0.640989 -7.532603e-02 0.763845 8.371381e+02 0.000793 -9.952374e-01 -0.097479 1.148695e+02 0.000000 0 0.000000 1 
207 0.769626 -6.268866e-02 0.635410 -2.678094e+03 -0.638495 -7.446015e-02 0.766015 8.380263e+02 -0.000707 -9.952519e-01 -0.097332 1.148796e+02 0.000000 0 0.000000 1 
208 0.772019 -6.073982e-02 0.632691 -2.677303e+03 -0.635600 -7.393544e-02 0.768470 8.389226e+02 0.000102 -9.954118e-01 -0.095685 1.148855e+02 0.000000 0 0.000000 1 
209 0.774607 -6.000150e-02 0.629590 -2.676517e+03 -0.632443 -7.415704e-02 0.771049 8.398201e+02 0.000425 -9.954401e-01 -0.095389 1.148907e+02 0.000000 0 0.000000 1 
210 0.777687 -5.970599e-02 0.625810 -2.675735e+03 -0.628651 -7.570434e-02 0.773994 8.407212e+02 0.001165 -9.953414e-01 -0.096408 1.148984e+02 0.000000 0 0.000000 1 
211 0.780729 -5.923385e-02 0.622056 -2.674958e+03 -0.624869 -7.208419e-02 0.777394 8.416145e+02 -0.001207 -9.956383e-01 -0.093291 1.149139e+02 0.000000 0 0.000000 1 
212 0.783890 -5.453655e-02 0.618500 -2.674193e+03 -0.620900 -6.924491e-02 0.780825 8.425126e+02 0.000245 -9.961081e-01 -0.088141 1.149256e+02 0.000000 0 0.000000 1 
213 0.787085 -5.820424e-02 0.614093 -2.673425e+03 -0.616838 -6.947148e-02 0.784018 8.434137e+02 -0.002971 -9.958848e-01 -0.090582 1.149370e+02 0.000000 0 0.000000 1 
214 0.790998 -6.096188e-02 0.608775 -2.672659e+03 -0.611805 -7.191183e-02 0.787733 8.443219e+02 -0.004243 -9.955465e-01 -0.094178 1.149478e+02 0.000000 0 0.000000 1 
215 0.794884 -6.192631e-02 0.603594 -2.671904e+03 -0.606757 -7.677150e-02 0.791171 8.452394e+02 -0.002655 -9.951240e-01 -0.098598 1.149487e+02 0.000000 0 0.000000 1 
216 0.798824 -6.164153e-02 0.598399 -2.671157e+03 -0.601565 -7.993010e-02 0.794815 8.461618e+02 -0.001163 -9.948929e-01 -0.100931 1.149536e+02 0.000000 0 0.000000 1 
217 0.803041 -5.823144e-02 0.593072 -2.670425e+03 -0.595910 -8.530947e-02 0.798507 8.470909e+02 0.004097 -9.946516e-01 -0.103207 1.149520e+02 0.000000 0 0.000000 1 
218 0.807543 -5.526274e-02 0.587215 -2.669699e+03 -0.589774 -8.661475e-02 0.802910 8.480185e+02 0.006491 -9.947082e-01 -0.102537 1.149528e+02 0.000000 0 0.000000 1 
219 0.812655 -4.739603e-02 0.580814 -2.668988e+03 -0.582659 -8.323741e-02 0.808443 8.489485e+02 0.010029 -9.954022e-01 -0.095258 1.149614e+02 0.000000 0 0.000000 1 
220 0.817874 -4.394256e-02 0.573717 -2.668280e+03 -0.575269 -8.351254e-02 0.813690 8.498865e+02 0.012157 -9.955376e-01 -0.093581 1.149665e+02 0.000000 0 0.000000 1 
221 0.822914 -4.223078e-02 0.566595 -2.667579e+03 -0.567977 -8.691227e-02 0.818442 8.508402e+02 0.014681 -9.953207e-01 -0.095507 1.149732e+02 0.000000 0 0.000000 1 
222 0.828057 -4.091529e-02 0.559149 -2.666886e+03 -0.560389 -9.049163e-02 0.823271 8.517987e+02 0.016914 -9.950566e-01 -0.097860 1.149782e+02 0.000000 0 0.000000 1 
223 0.833589 -3.751348e-02 0.551111 -2.666207e+03 -0.552015 -9.315366e-02 0.828614 8.527615e+02 0.020254 -9.949450e-01 -0.098359 1.149814e+02 0.000000 0 0.000000 1 
224 0.839827 -3.660146e-02 0.541619 -2.665534e+03 -0.542474 -9.395227e-02 0.834802 8.537293e+02 0.020332 -9.949039e-01 -0.098758 1.149844e+02 0.000000 0 0.000000 1 
225 0.846382 -3.554064e-02 0.531389 -2.664874e+03 -0.532177 -9.510597e-02 0.841275 8.547075e+02 0.020639 -9.948327e-01 -0.099409 1.149877e+02 0.000000 0 0.000000 1 
226 0.852820 -3.382196e-02 0.521109 -2.664222e+03 -0.521790 -9.498950e-02 0.847769 8.556971e+02 0.020827 -9.949038e-01 -0.098656 1.149937e+02 0.000000 0 0.000000 1 
227 0.859155 -3.185168e-02 0.510724 -2.663581e+03 -0.511286 -9.435733e-02 0.854215 8.566914e+02 0.020983 -9.950290e-01 -0.097352 1.149988e+02 0.000000 0 0.000000 1 
228 0.865312 -2.896204e-02 0.500397 -2.662955e+03 -0.500695 -9.628077e-02 0.860253 8.576993e+02 0.023264 -9.949330e-01 -0.097813 1.150019e+02 0.000000 0 0.000000 1 
229 0.871285 -2.705520e-02 0.490032 -2.662342e+03 -0.490153 -9.838105e-02 0.866067 8.587230e+02 0.024779 -9.947812e-01 -0.098978 1.150032e+02 0.000000 0 0.000000 1 
230 0.877130 -2.314376e-02 0.479696 -2.661741e+03 -0.479411 -1.013500e-01 0.871718 8.597534e+02 0.028443 -9.945818e-01 -0.099992 1.150055e+02 0.000000 0 0.000000 1 
231 0.882670 -2.044393e-02 0.469550 -2.661154e+03 -0.469027 -1.023910e-01 0.877228 8.607881e+02 0.030144 -9.945344e-01 -0.099965 1.150085e+02 0.000000 0 0.000000 1 
232 0.888459 -1.687556e-02 0.458646 -2.660577e+03 -0.457892 -1.006399e-01 0.883293 8.618253e+02 0.031252 -9.947800e-01 -0.097141 1.150154e+02 0.000000 0 0.000000 1 
233 0.894397 -1.684211e-02 0.446957 -2.660011e+03 -0.446479 -9.319025e-02 0.889928 8.628601e+02 0.026664 -9.955061e-01 -0.090868 1.150295e+02 0.000000 0 0.000000 1 
234 0.900616 -1.770710e-02 0.434255 -2.659453e+03 -0.434085 -8.602465e-02 0.896755 8.639047e+02 0.021478 -9.961359e-01 -0.085161 1.150460e+02 0.000000 0 0.000000 1 
235 0.907389 -2.042655e-02 0.419797 -2.658906e+03 -0.420001 -8.131763e-02 0.903873 8.649663e+02 0.015674 -9.964791e-01 -0.082365 1.150665e+02 0.000000 0 0.000000 1 
236 0.914443 -2.159467e-02 0.404140 -2.658380e+03 -0.404498 -8.155401e-02 0.910895 8.660424e+02 0.013289 -9.964352e-01 -0.083311 1.150893e+02 0.000000 0 0.000000 1 
237 0.921154 -2.259195e-02 0.388544 -2.657872e+03 -0.389044 -8.173421e-02 0.917586 8.671280e+02 0.011028 -9.963983e-01 -0.084078 1.151131e+02 0.000000 0 0.000000 1 
238 0.927525 -2.050602e-02 0.373198 -2.657384e+03 -0.373561 -8.353431e-02 0.923836 8.682301e+02 0.012231 -9.962941e-01 -0.085140 1.151301e+02 0.000000 0 0.000000 1 
239 0.933560 -1.881821e-02 0.357928 -2.656916e+03 -0.358228 -8.188860e-02 0.930036 8.693331e+02 0.011809 -9.964640e-01 -0.083188 1.151540e+02 0.000000 0 0.000000 1 
240 0.939418 -1.599951e-02 0.342402 -2.656466e+03 -0.342555 -7.968835e-02 0.936112 8.704461e+02 0.012308 -9.966917e-01 -0.080341 1.151752e+02 0.000000 0 0.000000 1 
241 0.945005 -1.515099e-02 0.326707 -2.656032e+03 -0.326849 -7.951702e-02 0.941725 8.715695e+02 0.011711 -9.967186e-01 -0.080095 1.151969e+02 0.000000 0 0.000000 1 
242 0.950245 -1.489172e-02 0.311149 -2.655615e+03 -0.311319 -7.998000e-02 0.946934 8.727030e+02 0.010785 -9.966855e-01 -0.080636 1.152242e+02 0.000000 0 0.000000 1 
243 0.955265 -1.595245e-02 0.295322 -2.655214e+03 -0.295625 -8.080957e-02 0.951880 8.738418e+02 0.008680 -9.966021e-01 -0.081910 1.152484e+02 0.000000 0 0.000000 1 
244 0.960082 -1.875060e-02 0.279090 -2.654827e+03 -0.279688 -7.913357e-02 0.956824 8.749878e+02 0.004145 -9.966879e-01 -0.081218 1.152765e+02 0.000000 0 0.000000 1 
245 0.964683 -2.154599e-02 0.262532 -2.654459e+03 -0.263415 -7.837210e-02 0.961494 8.761414e+02 -0.000141 -9.966916e-01 -0.081279 1.153002e+02 0.000000 0 0.000000 1 
246 0.969001 -2.433939e-02 0.245857 -2.654107e+03 -0.247021 -7.819364e-02 0.965850 8.773031e+02 -0.004283 -9.966413e-01 -0.081781 1.153254e+02 0.000000 0 0.000000 1 
247 0.973013 -2.450662e-02 0.229449 -2.653782e+03 -0.230686 -7.918637e-02 0.969801 8.784716e+02 -0.005597 -9.965588e-01 -0.082702 1.153491e+02 0.000000 0 0.000000 1 
248 0.976665 -2.236730e-02 0.213604 -2.653480e+03 -0.214718 -7.954070e-02 0.973432 8.796497e+02 -0.004783 -9.965809e-01 -0.082486 1.153712e+02 0.000000 0 0.000000 1 
249 0.979984 -1.850542e-02 0.198216 -2.653201e+03 -0.199066 -8.019117e-02 0.976699 8.808346e+02 -0.002179 -9.966079e-01 -0.082269 1.153931e+02 0.000000 0 0.000000 1 
250 0.982957 -1.522360e-02 0.183205 -2.652939e+03 -0.183836 -8.088466e-02 0.979623 8.820268e+02 -0.000095 -9.966074e-01 -0.082304 1.154163e+02 0.000000 0 0.000000 1 
251 0.985624 -1.326953e-02 0.168435 -2.652695e+03 -0.168956 -8.009157e-02 0.982364 8.832192e+02 0.000455 -9.966994e-01 -0.081181 1.154426e+02 0.000000 0 0.000000 1 
252 0.988100 -1.267085e-02 0.153291 -2.652464e+03 -0.153814 -7.857897e-02 0.984970 8.844165e+02 -0.000435 -9.968276e-01 -0.079592 1.154687e+02 0.000000 0 0.000000 1 
253 0.990309 -1.508223e-02 0.138062 -2.652245e+03 -0.138821 -7.767858e-02 0.987266 8.856240e+02 -0.004165 -9.968646e-01 -0.079019 1.154946e+02 0.000000 0 0.000000 1 
254 0.992185 -1.524651e-02 0.123841 -2.652045e+03 -0.124674 -8.094099e-02 0.988891 8.868432e+02 -0.005053 -9.966025e-01 -0.082209 1.155166e+02 0.000000 0 0.000000 1 
