1 -0.705111 -2.610952e-02 0.708616 3.640277e+03 -0.709097 2.470034e-02 -0.704678 1.707084e+03 0.000896 -9.993541e-01 -0.035930 1.228091e+02 0.000000 0 0.000000 1 
43 -0.668703 -2.797724e-02 0.743003 3.640452e+03 -0.743526 2.172730e-02 -0.668354 1.707009e+03 0.002556 -9.993726e-01 -0.035330 1.228213e+02 0.000000 0 0.000000 1 
51 -0.619751 -3.174662e-02 0.784156 3.640680e+03 -0.784767 1.604651e-02 -0.619583 1.706928e+03 0.007087 -9.993674e-01 -0.034858 1.228369e+02 0.000000 0 0.000000 1 
60 -0.563495 -3.341793e-02 0.825443 3.640929e+03 -0.826053 1.004430e-02 -0.563504 1.706860e+03 0.010540 -9.993912e-01 -0.033264 1.228526e+02 0.000000 0 0.000000 1 
65 -0.512589 -3.522131e-02 0.857911 3.641150e+03 -0.858515 4.380418e-03 -0.512770 1.706815e+03 0.014303 -9.993702e-01 -0.032483 1.228660e+02 0.000000 0 0.000000 1 
69 -0.460101 -3.610662e-02 0.887132 3.641375e+03 -0.887683 -1.678616e-03 -0.460454 1.706784e+03 0.018115 -9.993468e-01 -0.031278 1.228811e+02 0.000000 0 0.000000 1 
73 -0.405450 -3.737193e-02 0.913353 3.641643e+03 -0.913757 -1.147857e-02 -0.406099 1.706756e+03 0.025661 -9.992357e-01 -0.029494 1.228972e+02 0.000000 0 0.000000 1 
76 -0.376287 -3.681366e-02 0.925771 3.641867e+03 -0.926078 -1.533346e-02 -0.377021 1.706704e+03 0.028075 -9.992047e-01 -0.028322 1.229131e+02 0.000000 0 0.000000 1 
79 -0.355842 -3.356913e-02 0.933943 3.642117e+03 -0.934116 -1.757181e-02 -0.356539 1.706629e+03 0.028380 -9.992821e-01 -0.025104 1.229333e+02 0.000000 0 0.000000 1 
81 -0.346814 -3.148878e-02 0.937405 3.642315e+03 -0.937482 -1.939690e-02 -0.347494 1.706562e+03 0.029125 -9.993161e-01 -0.022792 1.229483e+02 0.000000 0 0.000000 1 
83 -0.343998 -2.840103e-02 0.938541 3.642544e+03 -0.938527 -2.034122e-02 -0.344608 1.706472e+03 0.028879 -9.993899e-01 -0.019657 1.229670e+02 0.000000 0 0.000000 1 
85 -0.349894 -2.477044e-02 0.936462 3.642807e+03 -0.936383 -2.020286e-02 -0.350399 1.706351e+03 0.027599 -9.994892e-01 -0.016125 1.229907e+02 0.000000 0 0.000000 1 
87 -0.362631 -2.004171e-02 0.931717 3.643106e+03 -0.931627 -1.783700e-02 -0.362979 1.706196e+03 0.023894 -9.996403e-01 -0.012202 1.230187e+02 0.000000 0 0.000000 1 
89 -0.382860 -1.693451e-02 0.923651 3.643445e+03 -0.923493 -1.905592e-02 -0.383144 1.706015e+03 0.024090 -9.996752e-01 -0.008342 1.230506e+02 0.000000 0 0.000000 1 
90 -0.395732 -1.607997e-02 0.918225 3.643629e+03 -0.918053 -1.918912e-02 -0.395994 1.705910e+03 0.023988 -9.996868e-01 -0.007168 1.230682e+02 0.000000 0 0.000000 1 
91 -0.409104 -1.431518e-02 0.912375 3.643818e+03 -0.912196 -1.887680e-02 -0.409320 1.705795e+03 0.023083 -9.997196e-01 -0.005335 1.230877e+02 0.000000 0 0.000000 1 
92 -0.422832 -1.188872e-02 0.906130 3.644012e+03 -0.905974 -1.720876e-02 -0.422985 1.705670e+03 0.020622 -9.997815e-01 -0.003494 1.231094e+02 0.000000 0 0.000000 1 
93 -0.436982 -9.971216e-03 0.899415 3.644214e+03 -0.899292 -1.512103e-02 -0.437089 1.705536e+03 0.017959 -9.998362e-01 -0.002359 1.231319e+02 0.000000 0 0.000000 1 
94 -0.451476 -1.015376e-02 0.892225 3.644425e+03 -0.892114 -1.438910e-02 -0.451583 1.705396e+03 0.017424 -9.998451e-01 -0.002561 1.231532e+02 0.000000 0 0.000000 1 
95 -0.466401 -1.461301e-02 0.884452 3.644652e+03 -0.884322 -1.615764e-02 -0.466599 1.705253e+03 0.021109 -9.997629e-01 -0.005386 1.231714e+02 0.000000 0 0.000000 1 
96 -0.481584 -1.653282e-02 0.876244 3.644880e+03 -0.876138 -1.538712e-02 -0.481815 1.705097e+03 0.021449 -9.997451e-01 -0.007074 1.231935e+02 0.000000 0 0.000000 1 
97 -0.496812 -1.274900e-02 0.867765 3.645098e+03 -0.867718 -1.071426e-02 -0.496942 1.704924e+03 0.015633 -9.998616e-01 -0.005739 1.232238e+02 0.000000 0 0.000000 1 
98 -0.510361 -6.641774e-03 0.859935 3.645316e+03 -0.859930 -4.479201e-03 -0.510392 1.704739e+03 0.007242 -9.999681e-01 -0.003425 1.232564e+02 0.000000 0 0.000000 1 
99 -0.522703 -2.660011e-03 0.852510 3.645544e+03 -0.852512 -1.137925e-03 -0.522707 1.704554e+03 0.002361 -9.999960e-01 -0.001672 1.232859e+02 0.000000 0 0.000000 1 
100 -0.535294 -2.821685e-03 0.844661 3.645786e+03 -0.844662 -1.541963e-03 -0.535299 1.704370e+03 0.002813 -9.999951e-01 -0.001557 1.233135e+02 0.000000 0 0.000000 1 
101 -0.547271 -5.059374e-03 0.836940 3.646036e+03 -0.836940 -2.900007e-03 -0.547287 1.704181e+03 0.005196 -9.999832e-01 -0.002647 1.233411e+02 0.000000 0 0.000000 1 
102 -0.558496 -6.660500e-03 0.829480 3.646288e+03 -0.829488 -2.332786e-03 -0.558520 1.703980e+03 0.005655 -9.999753e-01 -0.004221 1.233713e+02 0.000000 0 0.000000 1 
103 -0.569551 -6.401700e-03 0.821931 3.646540e+03 -0.821942 -1.494055e-03 -0.569569 1.703770e+03 0.004875 -9.999786e-01 -0.004410 1.234019e+02 0.000000 0 0.000000 1 
104 -0.580504 -5.079355e-03 0.814241 3.646795e+03 -0.814231 -4.404802e-03 -0.580524 1.703561e+03 0.006536 -9.999776e-01 -0.001578 1.234282e+02 0.000000 0 0.000000 1 
105 -0.589514 -3.724950e-03 0.807750 3.647052e+03 -0.807736 -4.758014e-03 -0.589525 1.703343e+03 0.006040 -9.999820e-01 -0.000203 1.234571e+02 0.000000 0 0.000000 1 
106 -0.596974 -2.467960e-03 0.802256 3.647309e+03 -0.802258 -6.614839e-04 -0.596977 1.703110e+03 0.002004 -9.999970e-01 -0.001584 1.234913e+02 0.000000 0 0.000000 1 
107 -0.603755 -4.556213e-04 0.797170 3.647571e+03 -0.797167 3.156822e-03 -0.603751 1.702871e+03 -0.002241 -9.999951e-01 -0.002268 1.235279e+02 0.000000 0 0.000000 1 
108 -0.608874 4.447017e-04 0.793267 3.647844e+03 -0.793262 3.391363e-03 -0.608871 1.702633e+03 -0.002961 -9.999944e-01 -0.001711 1.235630e+02 0.000000 0 0.000000 1 
109 -0.612536 2.312435e-04 0.790442 3.648130e+03 -0.790442 1.315824e-03 -0.612536 1.702392e+03 -0.001181 -9.999993e-01 -0.000622 1.235967e+02 0.000000 0 0.000000 1 
110 -0.616359 -1.642360e-03 0.787463 3.648428e+03 -0.787463 -1.349686e-03 -0.616361 1.702143e+03 0.002075 -9.999980e-01 -0.000461 1.236302e+02 0.000000 0 0.000000 1 
111 -0.621346 -2.336612e-03 0.783533 3.648733e+03 -0.783528 -2.918539e-03 -0.621350 1.701880e+03 0.003739 -9.999932e-01 -0.000017 1.236665e+02 0.000000 0 0.000000 1 
112 -0.626884 -1.926728e-03 0.779111 3.649043e+03 -0.779106 -2.949500e-03 -0.626886 1.701600e+03 0.003506 -9.999940e-01 0.000349 1.237069e+02 0.000000 0 0.000000 1 
113 -0.632285 -6.027204e-04 0.774736 3.649359e+03 -0.774735 -1.477459e-03 -0.632285 1.701306e+03 0.001526 -9.999990e-01 0.000468 1.237477e+02 0.000000 0 0.000000 1 
114 -0.637681 -5.044703e-04 0.770300 3.649686e+03 -0.770301 -9.574425e-04 -0.637681 1.701003e+03 0.001060 -9.999996e-01 0.000223 1.237896e+02 0.000000 0 0.000000 1 
115 -0.643036 -1.568962e-03 0.765834 3.650023e+03 -0.765834 -1.120400e-03 -0.643037 1.700690e+03 0.001867 -9.999984e-01 -0.000480 1.238316e+02 0.000000 0 0.000000 1 
116 -0.647889 -1.214897e-03 0.761733 3.650367e+03 -0.761731 -2.160490e-03 -0.647890 1.700368e+03 0.002433 -9.999972e-01 0.000475 1.238764e+02 0.000000 0 0.000000 1 
117 -0.652070 -3.353852e-04 0.758159 3.650717e+03 -0.758156 -2.704847e-03 -0.652068 1.700035e+03 0.002270 -9.999965e-01 0.001510 1.239222e+02 0.000000 0 0.000000 1 
118 -0.655957 -2.909155e-04 0.754798 3.651077e+03 -0.754796 -2.559488e-03 -0.655955 1.699689e+03 0.002123 -9.999969e-01 0.001460 1.239681e+02 0.000000 0 0.000000 1 
119 -0.660091 -1.414218e-04 0.751186 3.651444e+03 -0.751183 -2.992149e-03 -0.660088 1.699334e+03 0.002341 -9.999957e-01 0.001870 1.240166e+02 0.000000 0 0.000000 1 
120 -0.664418 5.436697e-04 0.747361 3.651817e+03 -0.747356 -4.212571e-03 -0.664410 1.698969e+03 0.002787 -9.999912e-01 0.003206 1.240680e+02 0.000000 0 0.000000 1 
121 -0.668567 1.319266e-03 0.743651 3.652197e+03 -0.743648 -4.559476e-03 -0.668556 1.698593e+03 0.002509 -9.999890e-01 0.004030 1.241191e+02 0.000000 0 0.000000 1 
122 -0.672629 1.957140e-03 0.739977 3.652582e+03 -0.739979 -3.939706e-03 -0.672619 1.698203e+03 0.001599 -9.999906e-01 0.004099 1.241728e+02 0.000000 0 0.000000 1 
123 -0.677048 2.136086e-03 0.735935 3.652976e+03 -0.735938 -3.932195e-03 -0.677038 1.697805e+03 0.001448 -9.999902e-01 0.004235 1.242268e+02 0.000000 0 0.000000 1 
124 -0.680715 2.688948e-03 0.732543 3.653374e+03 -0.732549 -2.955946e-03 -0.680709 1.697396e+03 0.000335 -9.999922e-01 0.003983 1.242835e+02 0.000000 0 0.000000 1 
125 -0.682765 2.553951e-03 0.730633 3.653781e+03 -0.730639 -2.051384e-03 -0.682762 1.696978e+03 -0.000245 -9.999949e-01 0.003267 1.243401e+02 0.000000 0 0.000000 1 
126 -0.683524 3.286957e-03 0.729921 3.654195e+03 -0.729928 -1.426111e-03 -0.683523 1.696555e+03 -0.001205 -9.999938e-01 0.003375 1.243988e+02 0.000000 0 0.000000 1 
127 -0.683668 3.745286e-03 0.729784 3.654618e+03 -0.729793 -1.529512e-03 -0.683667 1.696126e+03 -0.001444 -9.999920e-01 0.003780 1.244576e+02 0.000000 0 0.000000 1 
128 -0.683600 2.300870e-03 0.729853 3.655054e+03 -0.729857 -3.146350e-03 -0.683593 1.695694e+03 0.000724 -9.999926e-01 0.003831 1.245172e+02 0.000000 0 0.000000 1 
129 -0.683350 1.010608e-03 0.730090 3.655496e+03 -0.730084 -5.525824e-03 -0.683336 1.695256e+03 0.003344 -9.999845e-01 0.004515 1.245778e+02 0.000000 0 0.000000 1 
130 -0.683318 3.308933e-04 0.730121 3.655944e+03 -0.730100 -8.088294e-03 -0.683293 1.694812e+03 0.005680 -9.999675e-01 0.005769 1.246410e+02 0.000000 0 0.000000 1 
131 -0.683283 -8.468159e-05 0.730154 3.656402e+03 -0.730121 -9.549140e-03 -0.683252 1.694358e+03 0.007031 -9.999546e-01 0.006464 1.247059e+02 0.000000 0 0.000000 1 
132 -0.683137 4.931116e-05 0.730290 3.656865e+03 -0.730254 -1.020091e-02 -0.683100 1.693897e+03 0.007416 -9.999482e-01 0.007005 1.247716e+02 0.000000 0 0.000000 1 
133 -0.683244 -4.142277e-04 0.730190 3.657334e+03 -0.730141 -1.125961e-02 -0.683204 1.693429e+03 0.008505 -9.999368e-01 0.007391 1.248382e+02 0.000000 0 0.000000 1 
134 -0.683277 -1.897779e-03 0.730157 3.657813e+03 -0.730077 -1.332878e-02 -0.683235 1.692956e+03 0.011029 -9.999096e-01 0.007722 1.249065e+02 0.000000 0 0.000000 1 
135 -0.683198 -4.116518e-03 0.730221 3.658298e+03 -0.730107 -1.479816e-02 -0.683173 1.692478e+03 0.013619 -9.998823e-01 0.007105 1.249754e+02 0.000000 0 0.000000 1 
136 -0.682882 -4.571770e-03 0.730515 3.658789e+03 -0.730371 -1.654666e-02 -0.682850 1.691993e+03 0.015210 -9.998529e-01 0.007961 1.250464e+02 0.000000 0 0.000000 1 
137 -0.682493 -5.538600e-03 0.730871 3.659284e+03 -0.730725 -1.624108e-02 -0.682479 1.691499e+03 0.015650 -9.998530e-01 0.007038 1.251173e+02 0.000000 0 0.000000 1 
138 -0.682325 -5.904763e-03 0.731025 3.659786e+03 -0.730888 -1.551670e-02 -0.682321 1.690999e+03 0.015372 -9.998624e-01 0.006272 1.251873e+02 0.000000 0 0.000000 1 
139 -0.682149 -7.272181e-03 0.731177 3.660294e+03 -0.731015 -1.653302e-02 -0.682162 1.690496e+03 0.017050 -9.998371e-01 0.005963 1.252596e+02 0.000000 0 0.000000 1 
140 -0.681857 -8.980896e-03 0.731430 3.660809e+03 -0.731254 -1.682727e-02 -0.681898 1.689986e+03 0.018432 -9.998183e-01 0.004907 1.253324e+02 0.000000 0 0.000000 1 
141 -0.681393 -9.753096e-03 0.731852 3.661328e+03 -0.731657 -1.761800e-02 -0.681445 1.689471e+03 0.019540 -9.997975e-01 0.004870 1.254066e+02 0.000000 0 0.000000 1 
142 -0.680753 -1.120736e-02 0.732427 3.661855e+03 -0.732202 -1.875982e-02 -0.680830 1.688952e+03 0.021371 -9.997614e-01 0.004565 1.254795e+02 0.000000 0 0.000000 1 
143 -0.679666 -1.298691e-02 0.733407 3.662391e+03 -0.733157 -1.951046e-02 -0.679779 1.688428e+03 0.023138 -9.997255e-01 0.003740 1.255524e+02 0.000000 0 0.000000 1 
144 -0.678185 -1.334167e-02 0.734770 3.662931e+03 -0.734510 -1.988375e-02 -0.678306 1.687899e+03 0.023660 -9.997135e-01 0.003686 1.256288e+02 0.000000 0 0.000000 1 
145 -0.677006 -1.409794e-02 0.735842 3.663479e+03 -0.735548 -2.119748e-02 -0.677141 1.687367e+03 0.025145 -9.996761e-01 0.003982 1.257059e+02 0.000000 0 0.000000 1 
146 -0.676508 -1.499694e-02 0.736282 3.664034e+03 -0.735901 -2.431563e-02 -0.676652 1.686832e+03 0.028051 -9.995921e-01 0.005414 1.257824e+02 0.000000 0 0.000000 1 
147 -0.675940 -1.520632e-02 0.736800 3.664593e+03 -0.736353 -2.652899e-02 -0.676077 1.686292e+03 0.029828 -9.995326e-01 0.006735 1.258603e+02 0.000000 0 0.000000 1 
148 -0.675249 -1.677050e-02 0.737399 3.665159e+03 -0.736931 -2.694089e-02 -0.675431 1.685743e+03 0.031194 -9.994966e-01 0.005834 1.259380e+02 0.000000 0 0.000000 1 
149 -0.674879 -1.773353e-02 0.737715 3.665729e+03 -0.737255 -2.651689e-02 -0.675094 1.685187e+03 0.031534 -9.994913e-01 0.004822 1.260193e+02 0.000000 0 0.000000 1 
150 -0.674711 -1.870967e-02 0.737845 3.666307e+03 -0.737370 -2.683392e-02 -0.674957 1.684628e+03 0.032428 -9.994650e-01 0.004310 1.261018e+02 0.000000 0 0.000000 1 
151 -0.674586 -1.865186e-02 0.737960 3.666888e+03 -0.737489 -2.673153e-02 -0.674830 1.684063e+03 0.032314 -9.994689e-01 0.004278 1.261819e+02 0.000000 0 0.000000 1 
152 -0.674421 -1.947244e-02 0.738090 3.667476e+03 -0.737563 -2.832496e-02 -0.674685 1.683493e+03 0.034044 -9.994093e-01 0.004742 1.262629e+02 0.000000 0 0.000000 1 
153 -0.674335 -2.095171e-02 0.738128 3.668071e+03 -0.737580 -2.871056e-02 -0.674649 1.682918e+03 0.035327 -9.993684e-01 0.003908 1.263442e+02 0.000000 0 0.000000 1 
154 -0.674038 -2.236277e-02 0.738358 3.668671e+03 -0.737809 -2.861596e-02 -0.674403 1.682337e+03 0.036211 -9.993405e-01 0.002790 1.264277e+02 0.000000 0 0.000000 1 
155 -0.673864 -2.270322e-02 0.738507 3.669277e+03 -0.737945 -2.895721e-02 -0.674240 1.681751e+03 0.036693 -9.993230e-01 0.002760 1.265129e+02 0.000000 0 0.000000 1 
156 -0.673721 -2.239862e-02 0.738646 3.669886e+03 -0.738094 -2.870271e-02 -0.674087 1.681158e+03 0.036300 -9.993372e-01 0.002806 1.265961e+02 0.000000 0 0.000000 1 
157 -0.673554 -2.172867e-02 0.738818 3.670500e+03 -0.738245 -2.935841e-02 -0.673894 1.680564e+03 0.036334 -9.993330e-01 0.003734 1.266820e+02 0.000000 0 0.000000 1 
158 -0.673393 -2.139450e-02 0.738975 3.671117e+03 -0.738406 -2.926920e-02 -0.673721 1.679964e+03 0.036043 -9.993428e-01 0.003913 1.267696e+02 0.000000 0 0.000000 1 
159 -0.673052 -2.270403e-02 0.739246 3.671739e+03 -0.738722 -2.793016e-02 -0.673432 1.679362e+03 0.035937 -9.993522e-01 0.002027 1.268543e+02 0.000000 0 0.000000 1 
160 -0.672694 -2.265650e-02 0.739574 3.672361e+03 -0.739111 -2.618519e-02 -0.673074 1.678757e+03 0.034616 -9.994006e-01 0.000870 1.269406e+02 0.000000 0 0.000000 1 
161 -0.672216 -2.218231e-02 0.740023 3.672983e+03 -0.739590 -2.531985e-02 -0.672581 1.678153e+03 0.033657 -9.994335e-01 0.000615 1.270287e+02 0.000000 0 0.000000 1 
162 -0.671839 -2.118215e-02 0.740394 3.673606e+03 -0.739949 -2.575565e-02 -0.672171 1.677547e+03 0.033308 -9.994441e-01 0.001631 1.271153e+02 0.000000 0 0.000000 1 
163 -0.671462 -2.025903e-02 0.740762 3.674233e+03 -0.740336 -2.522962e-02 -0.671764 1.676939e+03 0.032299 -9.994766e-01 0.001943 1.272023e+02 0.000000 0 0.000000 1 
164 -0.671133 -1.853373e-02 0.741105 3.674861e+03 -0.740703 -2.459702e-02 -0.671383 1.676326e+03 0.030673 -9.995259e-01 0.002781 1.272909e+02 0.000000 0 0.000000 1 
165 -0.671141 -1.863431e-02 0.741095 3.675494e+03 -0.740698 -2.442162e-02 -0.671395 1.675713e+03 0.030610 -9.995283e-01 0.002589 1.273790e+02 0.000000 0 0.000000 1 
166 -0.671598 -2.021518e-02 0.740640 3.676132e+03 -0.740253 -2.397459e-02 -0.671901 1.675095e+03 0.031339 -9.995084e-01 0.001138 1.274661e+02 0.000000 0 0.000000 1 
167 -0.672014 -1.967954e-02 0.740277 3.676770e+03 -0.739950 -2.203041e-02 -0.672302 1.674473e+03 0.029540 -9.995638e-01 0.000244 1.275539e+02 0.000000 0 0.000000 1 
168 -0.672288 -1.969927e-02 0.740027 3.677410e+03 -0.739712 -2.162282e-02 -0.672576 1.673849e+03 0.029251 -9.995723e-01 -0.000034 1.276430e+02 0.000000 0 0.000000 1 
169 -0.672835 -1.759402e-02 0.739583 3.678050e+03 -0.739272 -2.153119e-02 -0.673063 1.673222e+03 0.027766 -9.996136e-01 0.001481 1.277351e+02 0.000000 0 0.000000 1 
170 -0.673182 -1.644534e-02 0.739294 3.678692e+03 -0.738986 -2.148839e-02 -0.673379 1.672593e+03 0.026961 -9.996341e-01 0.002313 1.278237e+02 0.000000 0 0.000000 1 
171 -0.673432 -1.460269e-02 0.739105 3.679335e+03 -0.738817 -2.094915e-02 -0.673581 1.671961e+03 0.025320 -9.996741e-01 0.003320 1.279157e+02 0.000000 0 0.000000 1 
172 -0.673689 -1.392945e-02 0.738884 3.679981e+03 -0.738653 -1.864414e-02 -0.673829 1.671326e+03 0.023162 -9.997294e-01 0.002272 1.280058e+02 0.000000 0 0.000000 1 
173 -0.673992 -1.346007e-02 0.738616 3.680629e+03 -0.738428 -1.674996e-02 -0.674124 1.670687e+03 0.021446 -9.997693e-01 0.001351 1.280981e+02 0.000000 0 0.000000 1 
174 -0.674346 -1.258014e-02 0.738308 3.681279e+03 -0.738139 -1.591184e-02 -0.674462 1.670046e+03 0.020233 -9.997945e-01 0.001445 1.281905e+02 0.000000 0 0.000000 1 
175 -0.674787 -1.172368e-02 0.737920 3.681933e+03 -0.737768 -1.504841e-02 -0.674886 1.669401e+03 0.019017 -9.998183e-01 0.001506 1.282814e+02 0.000000 0 0.000000 1 
176 -0.675192 -1.075983e-02 0.737564 3.682588e+03 -0.737412 -1.518673e-02 -0.675273 1.668755e+03 0.018467 -9.998270e-01 0.002320 1.283736e+02 0.000000 0 0.000000 1 
177 -0.675707 -9.253376e-03 0.737112 3.683243e+03 -0.736971 -1.478547e-02 -0.675763 1.668106e+03 0.017152 -9.998481e-01 0.003172 1.284679e+02 0.000000 0 0.000000 1 
178 -0.676116 -7.703394e-03 0.736754 3.683898e+03 -0.736610 -1.533788e-02 -0.676144 1.667456e+03 0.016509 -9.998529e-01 0.004697 1.285623e+02 0.000000 0 0.000000 1 
179 -0.676493 -7.640372e-03 0.736410 3.684558e+03 -0.736260 -1.567010e-02 -0.676517 1.666805e+03 0.016709 -9.998483e-01 0.004976 1.286570e+02 0.000000 0 0.000000 1 
180 -0.677028 -7.058512e-03 0.735923 3.685217e+03 -0.735785 -1.513343e-02 -0.677046 1.666151e+03 0.015916 -9.998608e-01 0.005053 1.287520e+02 0.000000 0 0.000000 1 
181 -0.677479 -7.334959e-03 0.735506 3.685875e+03 -0.735357 -1.577446e-02 -0.677497 1.665498e+03 0.016572 -9.998489e-01 0.005294 1.288486e+02 0.000000 0 0.000000 1 
182 -0.678062 -7.501358e-03 0.734966 3.686535e+03 -0.734807 -1.630721e-02 -0.678080 1.664845e+03 0.017072 -9.998391e-01 0.005546 1.289439e+02 0.000000 0 0.000000 1 
183 -0.678625 -8.618357e-03 0.734434 3.687197e+03 -0.734236 -1.810380e-02 -0.678653 1.664192e+03 0.019145 -9.997992e-01 0.005959 1.290399e+02 0.000000 0 0.000000 1 
184 -0.679220 -9.116702e-03 0.733878 3.687854e+03 -0.733653 -1.930079e-02 -0.679251 1.663539e+03 0.020357 -9.997724e-01 0.006422 1.291383e+02 0.000000 0 0.000000 1 
185 -0.679765 -1.001663e-02 0.733362 3.688514e+03 -0.733094 -2.101464e-02 -0.679803 1.662886e+03 0.022221 -9.997292e-01 0.006943 1.292372e+02 0.000000 0 0.000000 1 
186 -0.680173 -8.531171e-03 0.733002 3.689170e+03 -0.732724 -2.200336e-02 -0.680170 1.662232e+03 0.021931 -9.997217e-01 0.008716 1.293369e+02 0.000000 0 0.000000 1 
187 -0.680347 -9.423660e-03 0.732829 3.689829e+03 -0.732520 -2.303847e-02 -0.680356 1.661578e+03 0.023295 -9.996904e-01 0.008772 1.294364e+02 0.000000 0 0.000000 1 
188 -0.680457 -9.903404e-03 0.732721 3.690485e+03 -0.732429 -2.214761e-02 -0.680483 1.660923e+03 0.022967 -9.997059e-01 0.007818 1.295358e+02 0.000000 0 0.000000 1 
189 -0.680212 -1.118679e-02 0.732930 3.691142e+03 -0.732642 -2.160059e-02 -0.680272 1.660268e+03 0.023442 -9.997043e-01 0.006498 1.296350e+02 0.000000 0 0.000000 1 
190 -0.679771 -1.109897e-02 0.733340 3.691798e+03 -0.733080 -2.037505e-02 -0.679837 1.659613e+03 0.022488 -9.997310e-01 0.005715 1.297338e+02 0.000000 0 0.000000 1 
191 -0.679043 -1.247057e-02 0.733993 3.692457e+03 -0.733715 -2.081093e-02 -0.679138 1.658961e+03 0.023745 -9.997059e-01 0.004982 1.298307e+02 0.000000 0 0.000000 1 
192 -0.678579 -1.254113e-02 0.734420 3.693114e+03 -0.734143 -2.076870e-02 -0.678677 1.658309e+03 0.023765 -9.997059e-01 0.004887 1.299277e+02 0.000000 0 0.000000 1 
193 -0.678040 -1.166042e-02 0.734933 3.693769e+03 -0.734633 -2.195499e-02 -0.678110 1.657658e+03 0.024043 -9.996912e-01 0.006321 1.300265e+02 0.000000 0 0.000000 1 
194 -0.677739 -9.202697e-03 0.735245 3.694426e+03 -0.734920 -2.377387e-02 -0.677737 1.657008e+03 0.023717 -9.996752e-01 0.009350 1.301283e+02 0.000000 0 0.000000 1 
195 -0.677533 -8.134939e-03 0.735448 3.695082e+03 -0.735128 -2.401297e-02 -0.677503 1.656358e+03 0.023172 -9.996788e-01 0.010290 1.302266e+02 0.000000 0 0.000000 1 
196 -0.677404 -6.964524e-03 0.735578 3.695739e+03 -0.735249 -2.501420e-02 -0.677336 1.655709e+03 0.023118 -9.996631e-01 0.011825 1.303306e+02 0.000000 0 0.000000 1 
197 -0.677370 -7.721066e-03 0.735602 3.696398e+03 -0.735273 -2.459762e-02 -0.677325 1.655058e+03 0.023324 -9.996678e-01 0.010985 1.304319e+02 0.000000 0 0.000000 1 
198 -0.677401 -8.273103e-03 0.735567 3.697057e+03 -0.735249 -2.390762e-02 -0.677376 1.654406e+03 0.023190 -9.996802e-01 0.010113 1.305326e+02 0.000000 0 0.000000 1 
199 -0.677247 -9.858441e-03 0.735690 3.697718e+03 -0.735379 -2.295140e-02 -0.677267 1.653752e+03 0.023562 -9.996882e-01 0.008295 1.306327e+02 0.000000 0 0.000000 1 
200 -0.677122 -1.063898e-02 0.735794 3.698380e+03 -0.735512 -2.144342e-02 -0.677172 1.653097e+03 0.022983 -9.997137e-01 0.006695 1.307320e+02 0.000000 0 0.000000 1 
201 -0.676808 -1.119703e-02 0.736074 3.699041e+03 -0.735776 -2.201624e-02 -0.676868 1.652445e+03 0.023785 -9.996951e-01 0.006663 1.308327e+02 0.000000 0 0.000000 1 
202 -0.676597 -1.175537e-02 0.736260 3.699702e+03 -0.735957 -2.203379e-02 -0.676670 1.651793e+03 0.024177 -9.996883e-01 0.006257 1.309289e+02 0.000000 0 0.000000 1 
203 -0.676241 -1.186406e-02 0.736585 3.700365e+03 -0.736309 -2.088672e-02 -0.676323 1.651138e+03 0.023409 -9.997117e-01 0.005390 1.310258e+02 0.000000 0 0.000000 1 
204 -0.675705 -1.168898e-02 0.737079 3.701026e+03 -0.736826 -1.995028e-02 -0.675789 1.650484e+03 0.022605 -9.997329e-01 0.004868 1.311236e+02 0.000000 0 0.000000 1 
205 -0.675103 -1.152315e-02 0.737633 3.701689e+03 -0.737362 -2.077492e-02 -0.675179 1.649831e+03 0.023105 -9.997180e-01 0.005529 1.312209e+02 0.000000 0 0.000000 1 
206 -0.674508 -1.105710e-02 0.738184 3.702355e+03 -0.737908 -2.112582e-02 -0.674571 1.649176e+03 0.023054 -9.997159e-01 0.006091 1.313209e+02 0.000000 0 0.000000 1 
207 -0.673979 -1.171342e-02 0.738658 3.703024e+03 -0.738356 -2.201528e-02 -0.674052 1.648523e+03 0.024158 -9.996892e-01 0.006190 1.314184e+02 0.000000 0 0.000000 1 
208 -0.673796 -1.112706e-02 0.738834 3.703693e+03 -0.738519 -2.273091e-02 -0.673850 1.647868e+03 0.024293 -9.996799e-01 0.007099 1.315202e+02 0.000000 0 0.000000 1 
209 -0.674067 -1.000951e-02 0.738603 3.704362e+03 -0.738267 -2.395847e-02 -0.674084 1.647211e+03 0.024443 -9.996631e-01 0.008761 1.316227e+02 0.000000 0 0.000000 1 
210 -0.674729 -9.440398e-03 0.738005 3.705032e+03 -0.737655 -2.475438e-02 -0.674724 1.646552e+03 0.024639 -9.996492e-01 0.009739 1.317219e+02 0.000000 0 0.000000 1 
211 -0.675241 -1.192946e-02 0.737501 3.705708e+03 -0.737161 -2.348325e-02 -0.675309 1.645889e+03 0.025375 -9.996533e-01 0.007064 1.318194e+02 0.000000 0 0.000000 1 
212 -0.675619 -1.346518e-02 0.737128 3.706382e+03 -0.736853 -2.054045e-02 -0.675741 1.645221e+03 0.024240 -9.996986e-01 0.003956 1.319193e+02 0.000000 0 0.000000 1 
213 -0.675757 -1.406866e-02 0.736990 3.707057e+03 -0.736756 -1.876627e-02 -0.675899 1.644554e+03 0.023340 -9.997251e-01 0.002317 1.320198e+02 0.000000 0 0.000000 1 
214 -0.675885 -1.513092e-02 0.736852 3.707735e+03 -0.736561 -2.093356e-02 -0.676048 1.643892e+03 0.025654 -9.996666e-01 0.003005 1.321133e+02 0.000000 0 0.000000 1 
215 -0.675933 -1.683748e-02 0.736771 3.708418e+03 -0.736458 -2.160032e-02 -0.676139 1.643226e+03 0.027299 -9.996251e-01 0.002201 1.322072e+02 0.000000 0 0.000000 1 
216 -0.676008 -1.878410e-02 0.736655 3.709103e+03 -0.736344 -2.143546e-02 -0.676268 1.642555e+03 0.028494 -9.995940e-01 0.000660 1.323016e+02 0.000000 0 0.000000 1 
217 -0.676310 -1.893529e-02 0.736374 3.709787e+03 -0.736047 -2.198771e-02 -0.676574 1.641885e+03 0.029003 -9.995791e-01 0.000934 1.324010e+02 0.000000 0 0.000000 1 
218 -0.676468 -1.840921e-02 0.736242 3.710472e+03 -0.735840 -2.452974e-02 -0.676711 1.641215e+03 0.030518 -9.995298e-01 0.003048 1.324975e+02 0.000000 0 0.000000 1 
219 -0.676647 -1.636106e-02 0.736125 3.711157e+03 -0.735668 -2.665458e-02 -0.676818 1.640541e+03 0.030695 -9.995110e-01 0.006000 1.325948e+02 0.000000 0 0.000000 1 
220 -0.676848 -1.621567e-02 0.735944 3.711845e+03 -0.735473 -2.712330e-02 -0.677011 1.639863e+03 0.030940 -9.995008e-01 0.006433 1.326947e+02 0.000000 0 0.000000 1 
221 -0.677095 -1.569737e-02 0.735729 3.712533e+03 -0.735270 -2.683032e-02 -0.677244 1.639184e+03 0.030371 -9.995170e-01 0.006626 1.327962e+02 0.000000 0 0.000000 1 
222 -0.677501 -1.530583e-02 0.735363 3.713221e+03 -0.734952 -2.528141e-02 -0.677648 1.638500e+03 0.028963 -9.995634e-01 0.005880 1.328986e+02 0.000000 0 0.000000 1 
223 -0.678109 -1.499054e-02 0.734809 3.713910e+03 -0.734445 -2.370301e-02 -0.678255 1.637814e+03 0.027585 -9.996069e-01 0.005064 1.329994e+02 0.000000 0 0.000000 1 
224 -0.678946 -1.371034e-02 0.734060 3.714599e+03 -0.733669 -2.497043e-02 -0.679049 1.637130e+03 0.027640 -9.995944e-01 0.006895 1.331042e+02 0.000000 0 0.000000 1 
225 -0.679813 -1.114714e-02 0.733301 3.715289e+03 -0.732902 -2.600396e-02 -0.679837 1.636443e+03 0.026647 -9.995999e-01 0.009509 1.332081e+02 0.000000 0 0.000000 1 
226 -0.680750 -1.031695e-02 0.732443 3.715979e+03 -0.732034 -2.670654e-02 -0.680745 1.635754e+03 0.026585 -9.995903e-01 0.010629 1.333132e+02 0.000000 0 0.000000 1 
227 -0.682076 -1.061078e-02 0.731204 3.716672e+03 -0.730837 -2.498204e-02 -0.682095 1.635059e+03 0.025505 -9.996318e-01 0.009286 1.334192e+02 0.000000 0 0.000000 1 
228 -0.683509 -1.040560e-02 0.729867 3.717364e+03 -0.729547 -2.316535e-02 -0.683539 1.634359e+03 0.024021 -9.996777e-01 0.008243 1.335262e+02 0.000000 0 0.000000 1 
229 -0.685146 -1.047617e-02 0.728330 3.718055e+03 -0.728048 -2.149856e-02 -0.685189 1.633656e+03 0.022837 -9.997142e-01 0.007103 1.336303e+02 0.000000 0 0.000000 1 
230 -0.686784 -1.171683e-02 0.726767 3.718750e+03 -0.726526 -1.931129e-02 -0.686867 1.632949e+03 0.022083 -9.997451e-01 0.004751 1.337331e+02 0.000000 0 0.000000 1 
231 -0.688489 -1.141530e-02 0.725157 3.719442e+03 -0.724951 -1.773539e-02 -0.688572 1.632240e+03 0.020722 -9.997778e-01 0.003936 1.338377e+02 0.000000 0 0.000000 1 
232 -0.690142 -1.078303e-02 0.723594 3.720132e+03 -0.723367 -1.889878e-02 -0.690205 1.631531e+03 0.021118 -9.997635e-01 0.005243 1.339410e+02 0.000000 0 0.000000 1 
233 -0.691974 -1.054265e-02 0.721845 3.720825e+03 -0.721621 -1.883383e-02 -0.692033 1.630814e+03 0.020891 -9.997673e-01 0.005425 1.340423e+02 0.000000 0 0.000000 1 
234 -0.693644 -1.330605e-02 0.720195 3.721518e+03 -0.719984 -1.770651e-02 -0.693766 1.630096e+03 0.021984 -9.997549e-01 0.002703 1.341418e+02 0.000000 0 0.000000 1 
235 -0.695519 -1.475079e-02 0.718356 3.722210e+03 -0.718171 -1.635287e-02 -0.695675 1.629375e+03 0.022009 -9.997577e-01 0.000781 1.342445e+02 0.000000 0 0.000000 1 
236 -0.697342 -1.230542e-02 0.716633 3.722896e+03 -0.716416 -1.807150e-02 -0.697440 1.628656e+03 0.021533 -9.997612e-01 0.003787 1.343453e+02 0.000000 0 0.000000 1 
237 -0.699091 -1.088898e-02 0.714950 3.723583e+03 -0.714710 -1.942611e-02 -0.699151 1.627932e+03 0.021502 -9.997522e-01 0.005799 1.344443e+02 0.000000 0 0.000000 1 
238 -0.700686 -9.533721e-03 0.713406 3.724268e+03 -0.713198 -1.828721e-02 -0.700724 1.627202e+03 0.019727 -9.997876e-01 0.006015 1.345490e+02 0.000000 0 0.000000 1 
239 -0.702271 -9.376602e-03 0.711848 3.724953e+03 -0.711702 -1.497973e-02 -0.702322 1.626469e+03 0.017249 -9.998441e-01 0.003847 1.346535e+02 0.000000 0 0.000000 1 
240 -0.703829 -7.937614e-03 0.710325 3.725636e+03 -0.710209 -1.346459e-02 -0.703863 1.625733e+03 0.015152 -9.998781e-01 0.003840 1.347594e+02 0.000000 0 0.000000 1 
241 -0.705336 -7.516489e-03 0.708834 3.726317e+03 -0.708747 -1.146904e-02 -0.705370 1.624997e+03 0.013432 -9.999062e-01 0.002763 1.348617e+02 0.000000 0 0.000000 1 
242 -0.706507 -6.343680e-03 0.707677 3.726996e+03 -0.707614 -9.810337e-03 -0.706531 1.624260e+03 0.011425 -9.999320e-01 0.002443 1.349646e+02 0.000000 0 0.000000 1 
243 -0.707357 -5.433700e-03 0.706835 3.727677e+03 -0.706793 -8.018212e-03 -0.707375 1.623521e+03 0.009512 -9.999533e-01 0.001832 1.350666e+02 0.000000 0 0.000000 1 
244 -0.707728 -4.127216e-03 0.706473 3.728355e+03 -0.706446 -6.452827e-03 -0.707738 1.622783e+03 0.007480 -9.999709e-01 0.001652 1.351687e+02 0.000000 0 0.000000 1 
245 -0.708018 -2.795964e-03 0.706189 3.729031e+03 -0.706171 -5.376470e-03 -0.708021 1.622047e+03 0.005777 -9.999819e-01 0.001833 1.352708e+02 0.000000 0 0.000000 1 
246 -0.708349 -1.529682e-03 0.705861 3.729706e+03 -0.705852 -3.980980e-03 -0.708348 1.621310e+03 0.003894 -9.999911e-01 0.001741 1.353710e+02 0.000000 0 0.000000 1 
247 -0.708686 9.624096e-04 0.705524 3.730378e+03 -0.705524 -2.887053e-03 -0.708681 1.620572e+03 0.001355 -9.999956e-01 0.002726 1.354742e+02 0.000000 0 0.000000 1 
248 -0.708877 3.030933e-03 0.705326 3.731048e+03 -0.705330 -2.352536e-05 -0.708879 1.619834e+03 -0.002132 -9.999956e-01 0.002155 1.355747e+02 0.000000 0 0.000000 1 
249 -0.708930 5.314862e-03 0.705259 3.731715e+03 -0.705263 1.514972e-03 -0.708944 1.619099e+03 -0.004836 -9.999850e-01 0.002675 1.356776e+02 0.000000 0 0.000000 1 
250 -0.708822 6.958211e-03 0.705354 3.732383e+03 -0.705353 3.102847e-03 -0.708850 1.618365e+03 -0.007121 -9.999712e-01 0.002709 1.357788e+02 0.000000 0 0.000000 1 
251 -0.708573 9.792670e-03 0.705570 3.733048e+03 -0.705575 3.506000e-03 -0.708626 1.617633e+03 -0.009413 -9.999461e-01 0.004426 1.358837e+02 0.000000 0 0.000000 1 
252 -0.708440 1.182342e-02 0.705672 3.733712e+03 -0.705683 4.013101e-03 -0.708517 1.616903e+03 -0.011209 -9.999223e-01 0.005501 1.359879e+02 0.000000 0 0.000000 1 
253 -0.708470 1.287236e-02 0.705623 3.734375e+03 -0.705629 4.906899e-03 -0.708565 1.616176e+03 -0.012583 -9.999053e-01 0.005607 1.360902e+02 0.000000 0 0.000000 1 
254 -0.708353 1.416113e-02 0.705716 3.735035e+03 -0.705713 6.120302e-03 -0.708472 1.615450e+03 -0.014352 -9.998812e-01 0.005659 1.361951e+02 0.000000 0 0.000000 1 
255 -0.708110 1.450076e-02 0.705954 3.735692e+03 -0.705917 8.405654e-03 -0.708245 1.614727e+03 -0.016204 -9.998598e-01 0.004285 1.362983e+02 0.000000 0 0.000000 1 
256 -0.707743 1.760577e-02 0.706250 3.736343e+03 -0.706190 1.052486e-02 -0.707944 1.614008e+03 -0.019897 -9.997898e-01 0.004985 1.364043e+02 0.000000 0 0.000000 1 
257 -0.707100 1.750584e-02 0.706897 3.736994e+03 -0.706810 1.186525e-02 -0.707305 1.613295e+03 -0.020769 -9.997766e-01 0.003984 1.365029e+02 0.000000 0 0.000000 1 
258 -0.706551 1.830481e-02 0.707425 3.737641e+03 -0.707313 1.314746e-02 -0.706778 1.612587e+03 -0.022238 -9.997462e-01 0.003659 1.366050e+02 0.000000 0 0.000000 1 
259 -0.705762 1.729774e-02 0.708237 3.738286e+03 -0.708054 1.615976e-02 -0.705973 1.611884e+03 -0.023656 -9.997200e-01 0.000843 1.367009e+02 0.000000 0 0.000000 1 
260 -0.704805 1.774047e-02 0.709179 3.738923e+03 -0.708950 1.803860e-02 -0.705028 1.611189e+03 -0.025300 -9.996801e-01 -0.000136 1.368008e+02 0.000000 0 0.000000 1 
261 -0.703777 1.917527e-02 0.710162 3.739554e+03 -0.709907 1.905255e-02 -0.704038 1.610501e+03 -0.027030 -9.996348e-01 0.000205 1.368997e+02 0.000000 0 0.000000 1 
262 -0.702718 2.017775e-02 0.711183 3.740177e+03 -0.710916 1.950028e-02 -0.703007 1.609825e+03 -0.028053 -9.996065e-01 0.000642 1.369935e+02 0.000000 0 0.000000 1 
263 -0.701528 2.121656e-02 0.712326 3.740794e+03 -0.712005 2.140617e-02 -0.701848 1.609154e+03 -0.030139 -9.995459e-01 0.000090 1.370868e+02 0.000000 0 0.000000 1 
264 -0.700401 2.241015e-02 0.713398 3.741404e+03 -0.713021 2.321789e-02 -0.700759 1.608493e+03 -0.032267 -9.994795e-01 -0.000282 1.371808e+02 0.000000 0 0.000000 1 
265 -0.699391 2.234228e-02 0.714390 3.742011e+03 -0.713974 2.440452e-02 -0.699747 1.607844e+03 -0.033068 -9.994527e-01 -0.001116 1.372726e+02 0.000000 0 0.000000 1 
266 -0.698334 2.280448e-02 0.715409 3.742608e+03 -0.714919 2.657093e-02 -0.698702 1.607203e+03 -0.034942 -9.993870e-01 -0.002251 1.373623e+02 0.000000 0 0.000000 1 
267 -0.697094 2.332180e-02 0.716600 3.743196e+03 -0.716106 2.670376e-02 -0.697481 1.606576e+03 -0.035402 -9.993715e-01 -0.001913 1.374529e+02 0.000000 0 0.000000 1 
268 -0.695887 2.553842e-02 0.717698 3.743775e+03 -0.717212 2.641413e-02 -0.696355 1.605959e+03 -0.036741 -9.993250e-01 -0.000064 1.375414e+02 0.000000 0 0.000000 1 
269 -0.694678 2.693744e-02 0.718816 3.744347e+03 -0.718361 2.564891e-02 -0.695198 1.605354e+03 -0.037163 -9.993082e-01 0.001534 1.376277e+02 0.000000 0 0.000000 1 
270 -0.693660 2.610028e-02 0.719830 3.744912e+03 -0.719329 2.686102e-02 -0.694150 1.604757e+03 -0.037453 -9.992986e-01 0.000143 1.377103e+02 0.000000 0 0.000000 1 
271 -0.692586 2.461072e-02 0.720916 3.745471e+03 -0.720320 2.943451e-02 -0.693017 1.604170e+03 -0.038275 -9.992639e-01 -0.002658 1.377915e+02 0.000000 0 0.000000 1 
272 -0.691455 2.331388e-02 0.722043 3.746020e+03 -0.721400 3.082888e-02 -0.691833 1.603596e+03 -0.038389 -9.992530e-01 -0.004497 1.378739e+02 0.000000 0 0.000000 1 
273 -0.690407 2.263438e-02 0.723067 3.746561e+03 -0.722378 3.209265e-02 -0.690753 1.603032e+03 -0.038840 -9.992288e-01 -0.005806 1.379519e+02 0.000000 0 0.000000 1 
274 -0.689067 2.304334e-02 0.724331 3.747091e+03 -0.723659 3.162736e-02 -0.689433 1.602482e+03 -0.038795 -9.992343e-01 -0.005117 1.380281e+02 0.000000 0 0.000000 1 
275 -0.687674 2.452439e-02 0.725606 3.747613e+03 -0.724926 3.167805e-02 -0.688099 1.601943e+03 -0.039861 -9.991974e-01 -0.004005 1.381049e+02 0.000000 0 0.000000 1 
276 -0.686147 2.569013e-02 0.727009 3.748125e+03 -0.726367 3.065370e-02 -0.686623 1.601417e+03 -0.039925 -9.992001e-01 -0.002372 1.381798e+02 0.000000 0 0.000000 1 
277 -0.684267 2.589689e-02 0.728772 3.748634e+03 -0.728134 3.057351e-02 -0.684753 1.600901e+03 -0.040014 -9.991972e-01 -0.002063 1.382528e+02 0.000000 0 0.000000 1 
278 -0.681848 2.592444e-02 0.731035 3.749134e+03 -0.730387 3.085662e-02 -0.682337 1.600396e+03 -0.040246 -9.991878e-01 -0.002104 1.383249e+02 0.000000 0 0.000000 1 
279 -0.678812 2.500801e-02 0.733886 3.749631e+03 -0.733246 3.077080e-02 -0.679267 1.599904e+03 -0.039569 -9.992138e-01 -0.002550 1.383964e+02 0.000000 0 0.000000 1 
280 -0.675500 2.443306e-02 0.736955 3.750122e+03 -0.736370 2.943769e-02 -0.675939 1.599424e+03 -0.038209 -9.992682e-01 -0.001893 1.384684e+02 0.000000 0 0.000000 1 
281 -0.671885 2.602802e-02 0.740198 3.750604e+03 -0.739719 2.668531e-02 -0.672387 1.598957e+03 -0.037253 -9.993052e-01 0.001325 1.385389e+02 0.000000 0 0.000000 1 
282 -0.667776 2.557671e-02 0.743923 3.751085e+03 -0.743547 2.386129e-02 -0.668258 1.598502e+03 -0.034842 -9.993883e-01 0.003084 1.386084e+02 0.000000 0 0.000000 1 
283 -0.663992 2.450920e-02 0.747338 3.751563e+03 -0.747097 1.969966e-02 -0.664423 1.598057e+03 -0.031006 -9.995057e-01 0.005231 1.386777e+02 0.000000 0 0.000000 1 
284 -0.660360 2.236905e-02 0.750616 3.752041e+03 -0.750460 1.644994e-02 -0.660712 1.597619e+03 -0.027127 -9.996147e-01 0.005925 1.387464e+02 0.000000 0 0.000000 1 
285 -0.656442 1.931253e-02 0.754130 3.752517e+03 -0.754015 1.418192e-02 -0.656704 1.597187e+03 -0.023377 -9.997131e-01 0.005253 1.388157e+02 0.000000 0 0.000000 1 
286 -0.652512 1.704420e-02 0.757586 3.752989e+03 -0.757475 1.363414e-02 -0.652722 1.596759e+03 -0.021454 -9.997620e-01 0.004015 1.388842e+02 0.000000 0 0.000000 1 
287 -0.648643 1.334064e-02 0.760976 3.753461e+03 -0.760843 1.428812e-02 -0.648779 1.596333e+03 -0.019528 -9.998092e-01 0.000883 1.389468e+02 0.000000 0 0.000000 1 
288 -0.644524 7.990507e-03 0.764542 3.753936e+03 -0.764329 1.915469e-02 -0.644543 1.595907e+03 -0.019794 -9.997848e-01 -0.006238 1.390043e+02 0.000000 0 0.000000 1 
289 -0.640323 2.665755e-03 0.768101 3.754412e+03 -0.767836 2.431892e-02 -0.640185 1.595482e+03 -0.020386 -9.997009e-01 -0.013524 1.390594e+02 0.000000 0 0.000000 1 
290 -0.635612 -1.743942e-04 0.772009 3.754887e+03 -0.771666 2.995812e-02 -0.635322 1.595060e+03 -0.023017 -9.995514e-01 -0.019176 1.391154e+02 0.000000 0 0.000000 1 
291 -0.629433 -2.281457e-03 0.777051 3.755364e+03 -0.776657 3.385252e-02 -0.629013 1.594643e+03 -0.024870 -9.994245e-01 -0.023079 1.391709e+02 0.000000 0 0.000000 1 
292 -0.621868 -1.269884e-04 0.783122 3.755843e+03 -0.782644 3.505905e-02 -0.621482 1.594235e+03 -0.027376 -9.993855e-01 -0.021901 1.392230e+02 0.000000 0 0.000000 1 
293 -0.613307 5.465002e-03 0.789826 3.756320e+03 -0.789351 3.112643e-02 -0.613153 1.593837e+03 -0.027935 -9.995007e-01 -0.014776 1.392772e+02 0.000000 0 0.000000 1 
294 -0.604213 9.784278e-03 0.796763 3.756809e+03 -0.796332 2.770381e-02 -0.604225 1.593444e+03 -0.027985 -9.995685e-01 -0.008947 1.393320e+02 0.000000 0 0.000000 1 
295 -0.595011 1.262535e-02 0.803619 3.757309e+03 -0.803236 2.531398e-02 -0.595124 1.593051e+03 -0.027856 -9.996001e-01 -0.004920 1.393878e+02 0.000000 0 0.000000 1 
296 -0.586209 1.247878e-02 0.810064 3.757823e+03 -0.809704 2.454098e-02 -0.586326 1.592659e+03 -0.027196 -9.996212e-01 -0.004281 1.394425e+02 0.000000 0 0.000000 1 
297 -0.577064 7.580822e-03 0.816664 3.758351e+03 -0.816315 2.531816e-02 -0.577052 1.592267e+03 -0.025051 -9.996509e-01 -0.008421 1.394980e+02 0.000000 0 0.000000 1 
298 -0.567441 3.249005e-03 0.823407 3.758888e+03 -0.823060 2.710662e-02 -0.567308 1.591878e+03 -0.024163 -9.996275e-01 -0.012707 1.395566e+02 0.000000 0 0.000000 1 
299 -0.556705 4.137222e-03 0.830700 3.759426e+03 -0.830331 2.748563e-02 -0.556593 1.591494e+03 -0.025135 -9.996139e-01 -0.011865 1.396218e+02 0.000000 0 0.000000 1 
300 -0.544349 9.807766e-03 0.838801 3.759964e+03 -0.838440 2.526415e-02 -0.544409 1.591119e+03 -0.026531 -9.996329e-01 -0.005529 1.396908e+02 0.000000 0 0.000000 1 
301 -0.531457 1.684460e-02 0.846918 3.760513e+03 -0.846721 1.878149e-02 -0.531706 1.590758e+03 -0.024862 -9.996819e-01 0.004282 1.397589e+02 0.000000 0 0.000000 1 
302 -0.518427 2.228291e-02 0.854831 3.761075e+03 -0.854777 1.489485e-02 -0.518782 1.590399e+03 -0.024292 -9.996410e-01 0.011326 1.398218e+02 0.000000 0 0.000000 1 
303 -0.504404 2.301934e-02 0.863161 3.761654e+03 -0.863187 1.207305e-02 -0.504740 1.590045e+03 -0.022039 -9.996623e-01 0.013781 1.398886e+02 0.000000 0 0.000000 1 
304 -0.490133 1.926290e-02 0.871435 3.762250e+03 -0.871363 1.475825e-02 -0.490418 1.589694e+03 -0.022307 -9.997058e-01 0.009552 1.399597e+02 0.000000 0 0.000000 1 
305 -0.476073 1.439578e-02 0.879288 3.762858e+03 -0.879172 1.527878e-02 -0.476260 1.589351e+03 -0.020290 -9.997799e-01 0.005383 1.400341e+02 0.000000 0 0.000000 1 
306 -0.461165 1.459305e-02 0.887194 3.763469e+03 -0.887067 1.607084e-02 -0.461363 1.589014e+03 -0.020990 -9.997646e-01 0.005534 1.401073e+02 0.000000 0 0.000000 1 
307 -0.446116 1.800131e-02 0.894794 3.764087e+03 -0.894700 1.583138e-02 -0.446387 1.588686e+03 -0.022201 -9.997128e-01 0.009044 1.401818e+02 0.000000 0 0.000000 1 
308 -0.430719 2.033063e-02 0.902257 3.764717e+03 -0.902167 1.692889e-02 -0.431056 1.588361e+03 -0.024038 -9.996502e-01 0.011051 1.402551e+02 0.000000 0 0.000000 1 
309 -0.415436 2.100219e-02 0.909380 3.765360e+03 -0.909326 1.596291e-02 -0.415780 1.588049e+03 -0.023248 -9.996522e-01 0.012467 1.403290e+02 0.000000 0 0.000000 1 
310 -0.399935 2.015941e-02 0.916321 3.766016e+03 -0.916278 1.529236e-02 -0.400252 1.587746e+03 -0.022081 -9.996801e-01 0.012356 1.404073e+02 0.000000 0 0.000000 1 
311 -0.383898 1.809695e-02 0.923198 3.766688e+03 -0.923128 1.567308e-02 -0.384175 1.587448e+03 -0.021421 -9.997136e-01 0.010690 1.404841e+02 0.000000 0 0.000000 1 
312 -0.368142 1.489721e-02 0.929650 3.767374e+03 -0.929487 1.876266e-02 -0.368378 1.587154e+03 -0.022930 -9.997132e-01 0.006940 1.405589e+02 0.000000 0 0.000000 1 
313 -0.353211 8.647462e-03 0.935504 3.768079e+03 -0.935278 2.060615e-02 -0.353315 1.586868e+03 -0.022332 -9.997505e-01 0.000810 1.406293e+02 0.000000 0 0.000000 1 
314 -0.338904 4.973012e-03 0.940808 3.768794e+03 -0.940569 2.136261e-02 -0.338931 1.586591e+03 -0.021783 -9.997597e-01 -0.002562 1.407045e+02 0.000000 0 0.000000 1 
315 -0.324490 6.250826e-03 0.945868 3.769515e+03 -0.945677 1.908450e-02 -0.324550 1.586324e+03 -0.020080 -9.997986e-01 -0.000281 1.407821e+02 0.000000 0 0.000000 1 
316 -0.310072 1.106114e-02 0.950648 3.770246e+03 -0.950558 1.445566e-02 -0.310211 1.586068e+03 -0.017173 -9.998346e-01 0.006033 1.408569e+02 0.000000 0 0.000000 1 
317 -0.296444 1.139468e-02 0.954982 3.770996e+03 -0.954960 1.029160e-02 -0.296559 1.585820e+03 -0.013207 -9.998823e-01 0.007831 1.409240e+02 0.000000 0 0.000000 1 
