1 -0.998463 5.542730e-02 -0.000316 1.216353e+03 0.002711 4.315643e-02 -0.999064 -1.648302e+03 -0.055362 -9.975298e-01 -0.043240 1.354970e+02 0.000000 0 0.000000 1 
2 -0.998346 5.747027e-02 -0.002087 1.216284e+03 0.004507 4.201921e-02 -0.999106 -1.649476e+03 -0.057331 -9.974628e-01 -0.042208 1.355518e+02 0.000000 0 0.000000 1 
3 -0.998329 5.771532e-02 -0.003181 1.216222e+03 0.005585 4.153991e-02 -0.999121 -1.650641e+03 -0.057532 -9.974687e-01 -0.041792 1.356089e+02 0.000000 0 0.000000 1 
4 -0.998262 5.877053e-02 -0.004430 1.216156e+03 0.006966 4.302394e-02 -0.999050 -1.651830e+03 -0.058524 -9.973442e-01 -0.043358 1.356701e+02 0.000000 0 0.000000 1 
5 -0.998262 5.865722e-02 -0.005748 1.216088e+03 0.008319 4.369112e-02 -0.999010 -1.653018e+03 -0.058348 -9.973219e-01 -0.044102 1.357309e+02 0.000000 0 0.000000 1 
6 -0.998164 6.011302e-02 -0.007464 1.216020e+03 0.010074 4.323609e-02 -0.999014 -1.654227e+03 -0.059731 -9.972550e-01 -0.043762 1.357889e+02 0.000000 0 0.000000 1 
7 -0.998113 6.087987e-02 -0.008095 1.215953e+03 0.010704 4.265957e-02 -0.999032 -1.655434e+03 -0.060475 -9.972333e-01 -0.043230 1.358492e+02 0.000000 0 0.000000 1 
8 -0.998035 6.226227e-02 -0.007059 1.215887e+03 0.009705 4.230334e-02 -0.999057 -1.656653e+03 -0.061905 -9.971631e-01 -0.042824 1.359101e+02 0.000000 0 0.000000 1 
9 -0.997966 6.358883e-02 -0.004617 1.215822e+03 0.007294 4.192022e-02 -0.999094 -1.657879e+03 -0.063337 -9.970956e-01 -0.042298 1.359746e+02 0.000000 0 0.000000 1 
10 -0.998020 6.288716e-02 -0.001291 1.215765e+03 0.003932 4.189518e-02 -0.999114 -1.659103e+03 -0.062777 -9.971411e-01 -0.042059 1.360389e+02 0.000000 0 0.000000 1 
11 -0.998153 6.072978e-02 0.002058 1.215712e+03 0.000473 4.163556e-02 -0.999133 -1.660346e+03 -0.060763 -9.972857e-01 -0.041587 1.361045e+02 0.000000 0 0.000000 1 
12 -0.998198 5.978140e-02 0.005289 1.215660e+03 -0.002788 4.184355e-02 -0.999120 -1.661595e+03 -0.059950 -9.973343e-01 -0.041601 1.361731e+02 0.000000 0 0.000000 1 
13 -0.998331 5.718903e-02 0.008068 1.215619e+03 -0.005688 4.165469e-02 -0.999116 -1.662864e+03 -0.057474 -9.974942e-01 -0.041259 1.362429e+02 0.000000 0 0.000000 1 
14 -0.998509 5.368962e-02 0.009880 1.215584e+03 -0.007697 4.071833e-02 -0.999141 -1.664137e+03 -0.054045 -9.977274e-01 -0.040244 1.363102e+02 0.000000 0 0.000000 1 
15 -0.998738 4.917679e-02 0.010238 1.215553e+03 -0.008272 4.002074e-02 -0.999164 -1.665425e+03 -0.049545 -9.979882e-01 -0.039563 1.363778e+02 0.000000 0 0.000000 1 
16 -0.998925 4.544136e-02 0.009190 1.215521e+03 -0.007359 4.030043e-02 -0.999160 -1.666723e+03 -0.045773 -9.981540e-01 -0.039922 1.364459e+02 0.000000 0 0.000000 1 
17 -0.999102 4.181081e-02 0.006998 1.215486e+03 -0.005277 4.114827e-02 -0.999139 -1.668028e+03 -0.042062 -9.982781e-01 -0.040890 1.365160e+02 0.000000 0 0.000000 1 
18 -0.999156 4.087751e-02 0.004203 1.215445e+03 -0.002517 4.120568e-02 -0.999147 -1.669338e+03 -0.041016 -9.983144e-01 -0.041067 1.365861e+02 0.000000 0 0.000000 1 
19 -0.999152 4.118294e-02 0.001064 1.215394e+03 0.000618 4.082936e-02 -0.999166 -1.670661e+03 -0.041192 -9.983173e-01 -0.040819 1.366569e+02 0.000000 0 0.000000 1 
20 -0.999148 4.121104e-02 -0.002422 1.215331e+03 0.004042 3.928176e-02 -0.999220 -1.671993e+03 -0.041083 -9.983782e-01 -0.039414 1.367324e+02 0.000000 0 0.000000 1 
21 -0.999112 4.164649e-02 -0.006391 1.215268e+03 0.008005 3.871742e-02 -0.999218 -1.673329e+03 -0.041366 -9.983822e-01 -0.039016 1.368071e+02 0.000000 0 0.000000 1 
22 -0.999077 4.161080e-02 -0.010703 1.215198e+03 0.012294 3.818458e-02 -0.999195 -1.674674e+03 -0.041168 -9.984042e-01 -0.038660 1.368840e+02 0.000000 0 0.000000 1 
23 -0.999050 4.088284e-02 -0.015143 1.215119e+03 0.016720 3.852043e-02 -0.999118 -1.676027e+03 -0.040263 -9.984214e-01 -0.039167 1.369617e+02 0.000000 0 0.000000 1 
24 -0.999002 4.009291e-02 -0.019691 1.215041e+03 0.021253 3.892497e-02 -0.999016 -1.677390e+03 -0.039287 -9.984377e-01 -0.039738 1.370350e+02 0.000000 0 0.000000 1 
25 -0.998946 3.891899e-02 -0.024350 1.214953e+03 0.025891 3.960063e-02 -0.998880 -1.678761e+03 -0.037911 -9.984576e-01 -0.040566 1.371132e+02 0.000000 0 0.000000 1 
26 -0.998847 3.797129e-02 -0.029381 1.214857e+03 0.030923 4.069727e-02 -0.998693 -1.680140e+03 -0.036726 -9.984500e-01 -0.041824 1.371870e+02 0.000000 0 0.000000 1 
27 -0.998689 3.742250e-02 -0.034942 1.214756e+03 0.036503 4.187463e-02 -0.998456 -1.681526e+03 -0.035901 -9.984220e-01 -0.043185 1.372614e+02 0.000000 0 0.000000 1 
28 -0.998454 3.771246e-02 -0.040852 1.214646e+03 0.042406 4.137364e-02 -0.998243 -1.682929e+03 -0.035956 -9.984320e-01 -0.042908 1.373369e+02 0.000000 0 0.000000 1 
29 -0.998150 3.860611e-02 -0.046987 1.214519e+03 0.048538 4.026803e-02 -0.998009 -1.684336e+03 -0.036637 -9.984430e-01 -0.042067 1.374117e+02 0.000000 0 0.000000 1 
30 -0.997772 4.000642e-02 -0.053395 1.214386e+03 0.054989 3.985951e-02 -0.997691 -1.685756e+03 -0.037785 -9.984043e-01 -0.041970 1.374862e+02 0.000000 0 0.000000 1 
31 -0.997371 4.106332e-02 -0.059715 1.214240e+03 0.061390 4.082614e-02 -0.997278 -1.687191e+03 -0.038513 -9.983223e-01 -0.043239 1.375629e+02 0.000000 0 0.000000 1 
32 -0.996956 4.133315e-02 -0.066120 1.214086e+03 0.067863 4.227468e-02 -0.996798 -1.688637e+03 -0.038405 -9.982509e-01 -0.044950 1.376369e+02 0.000000 0 0.000000 1 
33 -0.996518 4.148551e-02 -0.072338 1.213924e+03 0.074119 4.313176e-02 -0.996316 -1.690088e+03 -0.038212 -9.982079e-01 -0.046056 1.377107e+02 0.000000 0 0.000000 1 
34 -0.996095 4.119641e-02 -0.078090 1.213753e+03 0.079811 4.193211e-02 -0.995927 -1.691538e+03 -0.037754 -9.982710e-01 -0.045056 1.377857e+02 0.000000 0 0.000000 1 
35 -0.995677 4.182729e-02 -0.082945 1.213571e+03 0.084612 3.982166e-02 -0.995618 -1.692995e+03 -0.038341 -9.983312e-01 -0.043188 1.378589e+02 0.000000 0 0.000000 1 
36 -0.995231 4.365165e-02 -0.087238 1.213381e+03 0.088894 3.756807e-02 -0.995332 -1.694456e+03 -0.040170 -9.983404e-01 -0.041269 1.379387e+02 0.000000 0 0.000000 1 
37 -0.994843 4.468911e-02 -0.091060 1.213179e+03 0.092760 3.756469e-02 -0.994979 -1.695929e+03 -0.041044 -9.982947e-01 -0.041516 1.380166e+02 0.000000 0 0.000000 1 
38 -0.994418 4.615496e-02 -0.094889 1.212971e+03 0.096655 3.765829e-02 -0.994605 -1.697421e+03 -0.042332 -9.982244e-01 -0.041908 1.380991e+02 0.000000 0 0.000000 1 
39 -0.993992 4.685406e-02 -0.098918 1.212758e+03 0.100725 3.790959e-02 -0.994192 -1.698917e+03 -0.042832 -9.981824e-01 -0.042400 1.381785e+02 0.000000 0 0.000000 1 
40 -0.993603 4.619802e-02 -0.103056 1.212540e+03 0.104864 3.859022e-02 -0.993737 -1.700425e+03 -0.041931 -9.981869e-01 -0.043187 1.382586e+02 0.000000 0 0.000000 1 
41 -0.993179 4.633131e-02 -0.107001 1.212311e+03 0.108771 3.752861e-02 -0.993358 -1.701933e+03 -0.042008 -9.982212e-01 -0.042311 1.383423e+02 0.000000 0 0.000000 1 
42 -0.992763 4.556287e-02 -0.111112 1.212074e+03 0.112842 3.733450e-02 -0.992911 -1.703456e+03 -0.041091 -9.982638e-01 -0.042205 1.384200e+02 0.000000 0 0.000000 1 
43 -0.992289 4.630323e-02 -0.114980 1.211832e+03 0.116794 3.858701e-02 -0.992406 -1.704989e+03 -0.041515 -9.981821e-01 -0.043697 1.384975e+02 0.000000 0 0.000000 1 
44 -0.991827 4.676777e-02 -0.118710 1.211586e+03 0.120602 3.993362e-02 -0.991897 -1.706533e+03 -0.041648 -9.981075e-01 -0.045247 1.385789e+02 0.000000 0 0.000000 1 
45 -0.991417 4.695090e-02 -0.122021 1.211327e+03 0.123921 3.994712e-02 -0.991487 -1.708084e+03 -0.041677 -9.980983e-01 -0.045422 1.386580e+02 0.000000 0 0.000000 1 
46 -0.990970 4.745535e-02 -0.125407 1.211057e+03 0.127293 3.904881e-02 -0.991096 -1.709646e+03 -0.042136 -9.981100e-01 -0.044736 1.387386e+02 0.000000 0 0.000000 1 
47 -0.990461 4.784003e-02 -0.129229 1.210787e+03 0.131093 3.811906e-02 -0.990637 -1.711212e+03 -0.042466 -9.981276e-01 -0.044026 1.388182e+02 0.000000 0 0.000000 1 
48 -0.989880 4.949382e-02 -0.133003 1.210500e+03 0.134892 3.701110e-02 -0.990169 -1.712795e+03 -0.044084 -9.980887e-01 -0.043312 1.388997e+02 0.000000 0 0.000000 1 
49 -0.989219 5.195109e-02 -0.136921 1.210207e+03 0.138875 3.604698e-02 -0.989653 -1.714375e+03 -0.046478 -9.979991e-01 -0.042872 1.389827e+02 0.000000 0 0.000000 1 
50 -0.988562 5.441894e-02 -0.140658 1.209907e+03 0.142806 3.782539e-02 -0.989027 -1.715964e+03 -0.048501 -9.978017e-01 -0.045163 1.390664e+02 0.000000 0 0.000000 1 
51 -0.987923 5.598857e-02 -0.144482 1.209603e+03 0.146804 3.983766e-02 -0.988363 -1.717561e+03 -0.049581 -9.976366e-01 -0.047575 1.391472e+02 0.000000 0 0.000000 1 
52 -0.987277 5.607053e-02 -0.148801 1.209294e+03 0.151149 4.023919e-02 -0.987691 -1.719159e+03 -0.049392 -9.976158e-01 -0.048201 1.392268e+02 0.000000 0 0.000000 1 
53 -0.986591 5.600763e-02 -0.153308 1.208976e+03 0.155602 3.917842e-02 -0.987042 -1.720756e+03 -0.049275 -9.976616e-01 -0.047367 1.393072e+02 0.000000 0 0.000000 1 
54 -0.985959 5.533885e-02 -0.157555 1.208648e+03 0.159814 3.905903e-02 -0.986374 -1.722358e+03 -0.048431 -9.977036e-01 -0.047354 1.393862e+02 0.000000 0 0.000000 1 
55 -0.985252 5.477591e-02 -0.162106 1.208318e+03 0.164386 4.002789e-02 -0.985583 -1.723962e+03 -0.047497 -9.976963e-01 -0.048441 1.394676e+02 0.000000 0 0.000000 1 
56 -0.984418 5.354626e-02 -0.167498 1.207974e+03 0.169724 4.012926e-02 -0.984674 -1.725570e+03 -0.046004 -9.977589e-01 -0.048591 1.395474e+02 0.000000 0 0.000000 1 
57 -0.983475 5.253134e-02 -0.173256 1.207623e+03 0.175447 4.042113e-02 -0.983658 -1.727181e+03 -0.044669 -9.978011e-01 -0.048969 1.396262e+02 0.000000 0 0.000000 1 
58 -0.982427 5.264306e-02 -0.179075 1.207258e+03 0.181208 3.896773e-02 -0.982672 -1.728787e+03 -0.044752 -9.978530e-01 -0.047822 1.397049e+02 0.000000 0 0.000000 1 
59 -0.981309 5.362877e-02 -0.184818 1.206883e+03 0.186882 3.637410e-02 -0.981709 -1.730390e+03 -0.045925 -9.978985e-01 -0.045716 1.397885e+02 0.000000 0 0.000000 1 
60 -0.980069 5.675915e-02 -0.190379 1.206495e+03 0.192516 3.488491e-02 -0.980673 -1.732001e+03 -0.049021 -9.977785e-01 -0.045116 1.398792e+02 0.000000 0 0.000000 1 
61 -0.978872 5.715360e-02 -0.196329 1.206102e+03 0.198562 3.639072e-02 -0.979412 -1.733620e+03 -0.048832 -9.977022e-01 -0.046970 1.399613e+02 0.000000 0 0.000000 1 
62 -0.977662 5.529573e-02 -0.202782 1.205707e+03 0.205165 4.143565e-02 -0.977850 -1.735241e+03 -0.045668 -9.976101e-01 -0.051854 1.400402e+02 0.000000 0 0.000000 1 
63 -0.976373 5.121528e-02 -0.209938 1.205298e+03 0.212226 4.425047e-02 -0.976218 -1.736859e+03 -0.040707 -9.977070e-01 -0.054073 1.401176e+02 0.000000 0 0.000000 1 
64 -0.974932 4.790516e-02 -0.217285 1.204889e+03 0.219321 4.233133e-02 -0.974734 -1.738468e+03 -0.037497 -9.979547e-01 -0.051776 1.401906e+02 0.000000 0 0.000000 1 
65 -0.973399 4.908155e-02 -0.223798 1.204454e+03 0.225764 3.896184e-02 -0.973402 -1.740072e+03 -0.039056 -9.980348e-01 -0.049006 1.402693e+02 0.000000 0 0.000000 1 
66 -0.971868 5.315802e-02 -0.229453 1.203996e+03 0.231558 3.748126e-02 -0.972099 -1.741675e+03 -0.043074 -9.978827e-01 -0.048735 1.403484e+02 0.000000 0 0.000000 1 
67 -0.970328 5.598552e-02 -0.235222 1.203528e+03 0.237477 3.768547e-02 -0.970662 -1.743279e+03 -0.045478 -9.977203e-01 -0.049862 1.404351e+02 0.000000 0 0.000000 1 
68 -0.968760 5.616383e-02 -0.241559 1.203057e+03 0.243872 3.870512e-02 -0.969035 -1.744889e+03 -0.045075 -9.976713e-01 -0.051192 1.405150e+02 0.000000 0 0.000000 1 
69 -0.967209 5.406888e-02 -0.248160 1.202578e+03 0.250419 3.992009e-02 -0.967314 -1.746494e+03 -0.042395 -9.977391e-01 -0.052150 1.405893e+02 0.000000 0 0.000000 1 
70 -0.965574 5.289106e-02 -0.254698 1.202086e+03 0.256894 3.986418e-02 -0.965617 -1.748106e+03 -0.040919 -9.978045e-01 -0.052078 1.406656e+02 0.000000 0 0.000000 1 
71 -0.964036 5.273329e-02 -0.260489 1.201582e+03 0.262622 3.853805e-02 -0.964129 -1.749720e+03 -0.040803 -9.978650e-01 -0.051000 1.407423e+02 0.000000 0 0.000000 1 
72 -0.962613 5.440707e-02 -0.265363 1.201064e+03 0.267526 3.720441e-02 -0.962832 -1.751335e+03 -0.042512 -9.978257e-01 -0.050368 1.408226e+02 0.000000 0 0.000000 1 
73 -0.961306 5.638673e-02 -0.269651 1.200536e+03 0.271903 3.691392e-02 -0.961616 -1.752948e+03 -0.044268 -9.977266e-01 -0.050817 1.409014e+02 0.000000 0 0.000000 1 
74 -0.960162 5.840865e-02 -0.273273 1.199994e+03 0.275710 3.864904e-02 -0.960463 -1.754568e+03 -0.045537 -9.975446e-01 -0.053212 1.409798e+02 0.000000 0 0.000000 1 
75 -0.959148 5.999639e-02 -0.276470 1.199450e+03 0.279081 4.051209e-02 -0.959412 -1.756183e+03 -0.046361 -9.973764e-01 -0.055600 1.410539e+02 0.000000 0 0.000000 1 
76 -0.958423 5.983774e-02 -0.279009 1.198904e+03 0.281655 4.146562e-02 -0.958619 -1.757799e+03 -0.045792 -9.973467e-01 -0.056594 1.411242e+02 0.000000 0 0.000000 1 
77 -0.957741 5.882090e-02 -0.281554 1.198354e+03 0.284119 4.092478e-02 -0.957915 -1.759418e+03 -0.044823 -9.974296e-01 -0.055907 1.411966e+02 0.000000 0 0.000000 1 
78 -0.956978 5.730946e-02 -0.284448 1.197801e+03 0.286902 4.030586e-02 -0.957111 -1.761040e+03 -0.043386 -9.975427e-01 -0.055013 1.412700e+02 0.000000 0 0.000000 1 
79 -0.956197 5.501434e-02 -0.287511 1.197232e+03 0.289849 4.054778e-02 -0.956213 -1.762673e+03 -0.040947 -9.976621e-01 -0.054717 1.413404e+02 0.000000 0 0.000000 1 
80 -0.955288 5.316080e-02 -0.290862 1.196661e+03 0.293154 4.198505e-02 -0.955143 -1.764306e+03 -0.038564 -9.977032e-01 -0.055691 1.414084e+02 0.000000 0 0.000000 1 
81 -0.954196 5.178443e-02 -0.294668 1.196086e+03 0.296948 4.375091e-02 -0.953891 -1.765941e+03 -0.036504 -9.976997e-01 -0.057123 1.414790e+02 0.000000 0 0.000000 1 
82 -0.953001 5.109854e-02 -0.298628 1.195502e+03 0.300860 4.353787e-02 -0.952674 -1.767579e+03 -0.035678 -9.977444e-01 -0.056864 1.415496e+02 0.000000 0 0.000000 1 
83 -0.951830 5.157388e-02 -0.302259 1.194902e+03 0.304475 4.237756e-02 -0.951577 -1.769221e+03 -0.036267 -9.977699e-01 -0.056038 1.416174e+02 0.000000 0 0.000000 1 
84 -0.950738 5.286147e-02 -0.305457 1.194290e+03 0.307737 4.215962e-02 -0.950537 -1.770868e+03 -0.037369 -9.977117e-01 -0.056349 1.416873e+02 0.000000 0 0.000000 1 
85 -0.949687 5.370824e-02 -0.308563 1.193672e+03 0.310850 4.110135e-02 -0.949570 -1.772515e+03 -0.038317 -9.977107e-01 -0.055728 1.417606e+02 0.000000 0 0.000000 1 
86 -0.948701 5.426625e-02 -0.311484 1.193052e+03 0.313719 3.898964e-02 -0.948715 -1.774173e+03 -0.039338 -9.977652e-01 -0.054013 1.418359e+02 0.000000 0 0.000000 1 
87 -0.947771 5.542252e-02 -0.314101 1.192423e+03 0.316353 3.785342e-02 -0.947886 -1.775827e+03 -0.040644 -9.977454e-01 -0.053409 1.419147e+02 0.000000 0 0.000000 1 
88 -0.946825 5.499685e-02 -0.317015 1.191792e+03 0.319283 3.879603e-02 -0.946865 -1.777491e+03 -0.039775 -9.977328e-01 -0.054292 1.419908e+02 0.000000 0 0.000000 1 
89 -0.945809 5.382663e-02 -0.320232 1.191158e+03 0.322524 4.109416e-02 -0.945669 -1.779150e+03 -0.037742 -9.977046e-01 -0.056227 1.420674e+02 0.000000 0 0.000000 1 
90 -0.944734 5.188065e-02 -0.323708 1.190518e+03 0.325998 4.417749e-02 -0.944337 -1.780820e+03 -0.034692 -9.976759e-01 -0.058648 1.421406e+02 0.000000 0 0.000000 1 
91 -0.943559 5.020729e-02 -0.327379 1.189867e+03 0.329623 4.579743e-02 -0.943001 -1.782500e+03 -0.032352 -9.976885e-01 -0.059761 1.422118e+02 0.000000 0 0.000000 1 
92 -0.942275 5.010906e-02 -0.331070 1.189207e+03 0.333316 4.612350e-02 -0.941686 -1.784171e+03 -0.031917 -9.976784e-01 -0.060162 1.422838e+02 0.000000 0 0.000000 1 
93 -0.940963 5.072744e-02 -0.334688 1.188540e+03 0.337008 4.734551e-02 -0.940310 -1.785845e+03 -0.031853 -9.975899e-01 -0.061645 1.423512e+02 0.000000 0 0.000000 1 
94 -0.939523 5.199730e-02 -0.338517 1.187865e+03 0.340895 4.677203e-02 -0.938937 -1.787529e+03 -0.032989 -9.975516e-01 -0.061668 1.424199e+02 0.000000 0 0.000000 1 
95 -0.938005 5.327436e-02 -0.342504 1.187170e+03 0.344897 4.495769e-02 -0.937563 -1.789209e+03 -0.034550 -9.975676e-01 -0.060544 1.424869e+02 0.000000 0 0.000000 1 
96 -0.936471 5.563117e-02 -0.346306 1.186466e+03 0.348796 4.375361e-02 -0.936176 -1.790891e+03 -0.036928 -9.974925e-01 -0.060377 1.425535e+02 0.000000 0 0.000000 1 
97 -0.934895 5.764613e-02 -0.350214 1.185751e+03 0.352822 4.363978e-02 -0.934672 -1.792575e+03 -0.038597 -9.973831e-01 -0.061137 1.426206e+02 0.000000 0 0.000000 1 
98 -0.933198 5.698421e-02 -0.354816 1.185032e+03 0.357352 4.283454e-02 -0.932987 -1.794267e+03 -0.037967 -9.974560e-01 -0.060336 1.426897e+02 0.000000 0 0.000000 1 
99 -0.931379 5.508920e-02 -0.359860 1.184305e+03 0.362271 4.257570e-02 -0.931100 -1.795962e+03 -0.035972 -9.975735e-01 -0.059611 1.427621e+02 0.000000 0 0.000000 1 
100 -0.929462 5.336450e-02 -0.365040 1.183566e+03 0.367329 4.208233e-02 -0.929138 -1.797673e+03 -0.034221 -9.976882e-01 -0.058715 1.428320e+02 0.000000 0 0.000000 1 
101 -0.927482 5.320503e-02 -0.370063 1.182813e+03 0.372390 4.353602e-02 -0.927054 -1.799374e+03 -0.033213 -9.976344e-01 -0.060191 1.428988e+02 0.000000 0 0.000000 1 
102 -0.925494 5.382662e-02 -0.374920 1.182039e+03 0.377240 4.226470e-02 -0.925150 -1.801070e+03 -0.033952 -9.976557e-01 -0.059420 1.429719e+02 0.000000 0 0.000000 1 
103 -0.923490 5.439969e-02 -0.379746 1.181254e+03 0.382120 4.289878e-02 -0.923116 -1.802766e+03 -0.033926 -9.975975e-01 -0.060403 1.430399e+02 0.000000 0 0.000000 1 
104 -0.921430 5.447655e-02 -0.384708 1.180463e+03 0.387051 4.189882e-02 -0.921106 -1.804462e+03 -0.034060 -9.976358e-01 -0.059691 1.431157e+02 0.000000 0 0.000000 1 
105 -0.919368 5.467246e-02 -0.389583 1.179667e+03 0.391960 4.262416e-02 -0.918994 -1.806158e+03 -0.033638 -9.975944e-01 -0.060616 1.431824e+02 0.000000 0 0.000000 1 
106 -0.917211 5.468176e-02 -0.394633 1.178861e+03 0.396941 4.064249e-02 -0.916944 -1.807859e+03 -0.034101 -9.976766e-01 -0.058982 1.432501e+02 0.000000 0 0.000000 1 
107 -0.915076 5.448477e-02 -0.399585 1.178038e+03 0.401844 3.957886e-02 -0.914852 -1.809552e+03 -0.034030 -9.977301e-01 -0.058111 1.433298e+02 0.000000 0 0.000000 1 
108 -0.913028 5.559891e-02 -0.404092 1.177194e+03 0.406437 4.020488e-02 -0.912794 -1.811260e+03 -0.034504 -9.976436e-01 -0.059305 1.434016e+02 0.000000 0 0.000000 1 
109 -0.911100 5.753439e-02 -0.408152 1.176349e+03 0.410677 4.202870e-02 -0.910811 -1.812959e+03 -0.035249 -9.974587e-01 -0.061920 1.434655e+02 0.000000 0 0.000000 1 
110 -0.909378 5.841972e-02 -0.411850 1.175487e+03 0.414474 4.328877e-02 -0.909031 -1.814671e+03 -0.035277 -9.973533e-01 -0.063579 1.435328e+02 0.000000 0 0.000000 1 
111 -0.907734 5.929608e-02 -0.415337 1.174613e+03 0.418072 4.488336e-02 -0.907304 -1.816373e+03 -0.035158 -9.972311e-01 -0.065531 1.436019e+02 0.000000 0 0.000000 1 
112 -0.906095 5.871983e-02 -0.418981 1.173727e+03 0.421692 4.530006e-02 -0.905607 -1.818079e+03 -0.034197 -9.972464e-01 -0.065807 1.436641e+02 0.000000 0 0.000000 1 
113 -0.904251 5.840372e-02 -0.422988 1.172848e+03 0.425642 4.430078e-02 -0.903806 -1.819789e+03 -0.034047 -9.973098e-01 -0.064917 1.437271e+02 0.000000 0 0.000000 1 
114 -0.902326 5.807751e-02 -0.427124 1.171953e+03 0.429629 4.064300e-02 -0.902090 -1.821501e+03 -0.035031 -9.974846e-01 -0.061624 1.437981e+02 0.000000 0 0.000000 1 
115 -0.900429 5.858098e-02 -0.431043 1.171051e+03 0.433533 3.940779e-02 -0.900275 -1.823207e+03 -0.035752 -9.975048e-01 -0.060880 1.438647e+02 0.000000 0 0.000000 1 
116 -0.898523 5.851869e-02 -0.435008 1.170132e+03 0.437543 4.078176e-02 -0.898272 -1.824923e+03 -0.034825 -9.974532e-01 -0.062247 1.439358e+02 0.000000 0 0.000000 1 
117 -0.896217 5.824969e-02 -0.439777 1.169199e+03 0.442242 3.927933e-02 -0.896035 -1.826636e+03 -0.034919 -9.975292e-01 -0.060962 1.440121e+02 0.000000 0 0.000000 1 
118 -0.893939 6.008512e-02 -0.444144 1.168249e+03 0.446708 3.893225e-02 -0.893832 -1.828346e+03 -0.036414 -9.974340e-01 -0.061643 1.440816e+02 0.000000 0 0.000000 1 
119 -0.891811 6.140875e-02 -0.448221 1.167287e+03 0.450945 4.105015e-02 -0.891607 -1.830063e+03 -0.036353 -9.972684e-01 -0.064300 1.441560e+02 0.000000 0 0.000000 1 
120 -0.889465 6.192763e-02 -0.452789 1.166324e+03 0.455660 4.423568e-02 -0.889054 -1.831780e+03 -0.035027 -9.971001e-01 -0.067563 1.442253e+02 0.000000 0 0.000000 1 
121 -0.886891 5.970978e-02 -0.458105 1.165361e+03 0.460810 4.380857e-02 -0.886417 -1.833494e+03 -0.032859 -9.972542e-01 -0.066368 1.442891e+02 0.000000 0 0.000000 1 
122 -0.884314 6.100630e-02 -0.462891 1.164379e+03 0.465606 4.165523e-02 -0.884011 -1.835217e+03 -0.034648 -9.972680e-01 -0.065240 1.443480e+02 0.000000 0 0.000000 1 
123 -0.881917 6.452444e-02 -0.466968 1.163379e+03 0.469878 4.064859e-02 -0.881795 -1.836924e+03 -0.037915 -9.970881e-01 -0.066167 1.444122e+02 0.000000 0 0.000000 1 
124 -0.879442 6.761958e-02 -0.471179 1.162367e+03 0.474273 4.006894e-02 -0.879465 -1.838640e+03 -0.040589 -9.969065e-01 -0.067308 1.444755e+02 0.000000 0 0.000000 1 
125 -0.876993 6.922930e-02 -0.475490 1.161346e+03 0.478695 4.009381e-02 -0.877065 -1.840353e+03 -0.041654 -9.967950e-01 -0.068301 1.445394e+02 0.000000 0 0.000000 1 
126 -0.874392 6.826080e-02 -0.480395 1.160321e+03 0.483503 3.934945e-02 -0.874457 -1.842065e+03 -0.040788 -9.968914e-01 -0.067410 1.446017e+02 0.000000 0 0.000000 1 
127 -0.871747 6.611573e-02 -0.485475 1.159292e+03 0.488449 3.960428e-02 -0.871693 -1.843783e+03 -0.038405 -9.970259e-01 -0.066818 1.446653e+02 0.000000 0 0.000000 1 
128 -0.869008 6.451861e-02 -0.490575 1.158244e+03 0.493487 4.084394e-02 -0.868794 -1.845500e+03 -0.036016 -9.970805e-01 -0.067332 1.447272e+02 0.000000 0 0.000000 1 
129 -0.866274 6.349318e-02 -0.495519 1.157186e+03 0.498443 4.326544e-02 -0.865842 -1.847220e+03 -0.033536 -9.970442e-01 -0.069127 1.447866e+02 0.000000 0 0.000000 1 
130 -0.863660 6.277349e-02 -0.500152 1.156119e+03 0.503110 4.592092e-02 -0.863002 -1.848931e+03 -0.031206 -9.969710e-01 -0.071241 1.448459e+02 0.000000 0 0.000000 1 
131 -0.861088 6.153710e-02 -0.504718 1.155038e+03 0.507661 4.855122e-02 -0.860188 -1.850640e+03 -0.028428 -9.969235e-01 -0.073046 1.448979e+02 0.000000 0 0.000000 1 
132 -0.858552 5.894690e-02 -0.509327 1.153949e+03 0.512120 5.028641e-02 -0.857440 -1.852353e+03 -0.024931 -9.969940e-01 -0.073361 1.449507e+02 0.000000 0 0.000000 1 
133 -0.856130 5.706545e-02 -0.513601 1.152846e+03 0.516250 5.025032e-02 -0.854962 -1.854057e+03 -0.022980 -9.971053e-01 -0.072480 1.450059e+02 0.000000 0 0.000000 1 
134 -0.853900 5.604210e-02 -0.517411 1.151732e+03 0.519943 4.852134e-02 -0.852822 -1.855760e+03 -0.022688 -9.972489e-01 -0.070570 1.450642e+02 0.000000 0 0.000000 1 
135 -0.851695 5.740093e-02 -0.520886 1.150600e+03 0.523521 4.901182e-02 -0.850602 -1.857466e+03 -0.023295 -9.971477e-01 -0.071793 1.451191e+02 0.000000 0 0.000000 1 
136 -0.849424 5.934817e-02 -0.524364 1.149456e+03 0.527101 4.759201e-02 -0.848469 -1.859177e+03 -0.025399 -9.971024e-01 -0.071707 1.451811e+02 0.000000 0 0.000000 1 
137 -0.847103 6.195855e-02 -0.527805 1.148301e+03 0.530732 4.776989e-02 -0.846193 -1.860883e+03 -0.027215 -9.969351e-01 -0.073349 1.452318e+02 0.000000 0 0.000000 1 
138 -0.844724 6.442830e-02 -0.531311 1.147130e+03 0.534387 4.671791e-02 -0.843948 -1.862588e+03 -0.029552 -9.968284e-01 -0.073893 1.452845e+02 0.000000 0 0.000000 1 
139 -0.842367 6.642601e-02 -0.534796 1.145950e+03 0.538019 4.675452e-02 -0.841635 -1.864296e+03 -0.030902 -9.966956e-01 -0.075122 1.453313e+02 0.000000 0 0.000000 1 
140 -0.839915 6.743976e-02 -0.538512 1.144757e+03 0.541775 4.568452e-02 -0.839281 -1.866003e+03 -0.031999 -9.966771e-01 -0.074907 1.453821e+02 0.000000 0 0.000000 1 
141 -0.837449 6.801982e-02 -0.542267 1.143549e+03 0.545550 4.507452e-02 -0.836865 -1.867713e+03 -0.032481 -9.966655e-01 -0.074855 1.454311e+02 0.000000 0 0.000000 1 
142 -0.834904 6.837653e-02 -0.546132 1.142334e+03 0.549429 4.474437e-02 -0.834341 -1.869416e+03 -0.032613 -9.966559e-01 -0.074925 1.454818e+02 0.000000 0 0.000000 1 
143 -0.832244 6.821175e-02 -0.550197 1.141114e+03 0.553467 4.438612e-02 -0.831687 -1.871118e+03 -0.032309 -9.966832e-01 -0.074692 1.455283e+02 0.000000 0 0.000000 1 
144 -0.829525 6.611953e-02 -0.554542 1.139883e+03 0.557637 4.384624e-02 -0.828926 -1.872812e+03 -0.030493 -9.968481e-01 -0.073241 1.455846e+02 0.000000 0 0.000000 1 
145 -0.826668 6.332451e-02 -0.559116 1.138648e+03 0.561983 4.306462e-02 -0.826027 -1.874507e+03 -0.028229 -9.970636e-01 -0.071187 1.456424e+02 0.000000 0 0.000000 1 
146 -0.823695 6.077481e-02 -0.563767 1.137401e+03 0.566456 4.331519e-02 -0.822953 -1.876187e+03 -0.025595 -9.972115e-01 -0.070104 1.457008e+02 0.000000 0 0.000000 1 
147 -0.820734 6.033712e-02 -0.568116 1.136140e+03 0.570794 4.427435e-02 -0.819899 -1.877865e+03 -0.024317 -9.971959e-01 -0.070777 1.457648e+02 0.000000 0 0.000000 1 
148 -0.817781 6.273627e-02 -0.572101 1.134867e+03 0.574990 4.598518e-02 -0.816867 -1.879532e+03 -0.024939 -9.969704e-01 -0.073678 1.458209e+02 0.000000 0 0.000000 1 
149 -0.814850 6.625624e-02 -0.575873 1.133585e+03 0.579058 4.732244e-02 -0.813912 -1.881204e+03 -0.026675 -9.966801e-01 -0.076926 1.458741e+02 0.000000 0 0.000000 1 
150 -0.811906 6.977996e-02 -0.579604 1.132301e+03 0.583090 4.832710e-02 -0.810969 -1.882869e+03 -0.028579 -9.963913e-01 -0.079924 1.459190e+02 0.000000 0 0.000000 1 
151 -0.809110 7.254369e-02 -0.583163 1.131010e+03 0.586863 4.816214e-02 -0.808252 -1.884528e+03 -0.030547 -9.962019e-01 -0.081541 1.459665e+02 0.000000 0 0.000000 1 
152 -0.806583 7.324521e-02 -0.586566 1.129704e+03 0.590302 4.758885e-02 -0.805778 -1.886174e+03 -0.031105 -9.961781e-01 -0.081620 1.460022e+02 0.000000 0 0.000000 1 
153 -0.803843 7.244166e-02 -0.590414 1.128398e+03 0.594045 4.641567e-02 -0.803091 -1.887820e+03 -0.030773 -9.962923e-01 -0.080344 1.460449e+02 0.000000 0 0.000000 1 
154 -0.801120 7.112582e-02 -0.594264 1.127080e+03 0.597751 4.524608e-02 -0.800404 -1.889459e+03 -0.030041 -9.964409e-01 -0.078762 1.460878e+02 0.000000 0 0.000000 1 
155 -0.798208 6.968011e-02 -0.598339 1.125754e+03 0.601667 4.379312e-02 -0.797546 -1.891095e+03 -0.029370 -9.966079e-01 -0.076879 1.461342e+02 0.000000 0 0.000000 1 
156 -0.795228 6.998297e-02 -0.602259 1.124423e+03 0.605594 4.334871e-02 -0.794592 -1.892729e+03 -0.029500 -9.966061e-01 -0.076853 1.461874e+02 0.000000 0 0.000000 1 
157 -0.792240 7.132228e-02 -0.606027 1.123080e+03 0.609468 4.353448e-02 -0.791614 -1.894348e+03 -0.030076 -9.965031e-01 -0.077958 1.462378e+02 0.000000 0 0.000000 1 
158 -0.789290 7.200803e-02 -0.609784 1.121724e+03 0.613296 4.420757e-02 -0.788615 -1.895969e+03 -0.029829 -9.964241e-01 -0.079054 1.462856e+02 0.000000 0 0.000000 1 
159 -0.786312 7.245992e-02 -0.613566 1.120363e+03 0.617147 4.541414e-02 -0.785536 -1.897580e+03 -0.029055 -9.963371e-01 -0.080427 1.463326e+02 0.000000 0 0.000000 1 
160 -0.783141 7.286941e-02 -0.617560 1.118996e+03 0.621203 4.658038e-02 -0.782264 -1.899190e+03 -0.028237 -9.962534e-01 -0.081745 1.463754e+02 0.000000 0 0.000000 1 
161 -0.780053 7.372490e-02 -0.621356 1.117613e+03 0.625078 4.705336e-02 -0.779142 -1.900796e+03 -0.028205 -9.961682e-01 -0.082787 1.464158e+02 0.000000 0 0.000000 1 
162 -0.777258 7.305312e-02 -0.624928 1.116228e+03 0.628578 4.659935e-02 -0.776349 -1.902394e+03 -0.027593 -9.962390e-01 -0.082138 1.464569e+02 0.000000 0 0.000000 1 
163 -0.774675 7.202754e-02 -0.628245 1.114826e+03 0.631821 4.712233e-02 -0.773681 -1.903994e+03 -0.026122 -9.962891e-01 -0.082012 1.464966e+02 0.000000 0 0.000000 1 
164 -0.772211 7.150409e-02 -0.631331 1.113417e+03 0.634861 4.719681e-02 -0.771183 -1.905596e+03 -0.025346 -9.963233e-01 -0.081840 1.465357e+02 0.000000 0 0.000000 1 
165 -0.770133 7.232901e-02 -0.633770 1.112006e+03 0.637371 4.741993e-02 -0.769097 -1.907181e+03 -0.025574 -9.962531e-01 -0.082619 1.465740e+02 0.000000 0 0.000000 1 
166 -0.768551 7.345899e-02 -0.635558 1.110592e+03 0.639226 4.650349e-02 -0.767611 -1.908760e+03 -0.026832 -9.962137e-01 -0.082696 1.466101e+02 0.000000 0 0.000000 1 
167 -0.767266 7.439142e-02 -0.637001 1.109170e+03 0.640715 4.542137e-02 -0.766434 -1.910344e+03 -0.028082 -9.961944e-01 -0.082513 1.466476e+02 0.000000 0 0.000000 1 
168 -0.766404 7.564391e-02 -0.637890 1.107736e+03 0.641670 4.412899e-02 -0.765711 -1.911919e+03 -0.029772 -9.961582e-01 -0.082358 1.466835e+02 0.000000 0 0.000000 1 
169 -0.765448 7.661988e-02 -0.638920 1.106301e+03 0.642732 4.259491e-02 -0.764906 -1.913494e+03 -0.031392 -9.961504e-01 -0.081849 1.467260e+02 0.000000 0 0.000000 1 
170 -0.764567 7.793895e-02 -0.639815 1.104866e+03 0.643777 4.390418e-02 -0.763952 -1.915066e+03 -0.031451 -9.959912e-01 -0.083742 1.467572e+02 0.000000 0 0.000000 1 
171 -0.763717 7.678044e-02 -0.640970 1.103429e+03 0.644869 4.507664e-02 -0.762963 -1.916642e+03 -0.029688 -9.960288e-01 -0.083938 1.467905e+02 0.000000 0 0.000000 1 
172 -0.762640 7.537370e-02 -0.642417 1.101992e+03 0.646242 4.669146e-02 -0.761703 -1.918221e+03 -0.027417 -9.960618e-01 -0.084318 1.468252e+02 0.000000 0 0.000000 1 
173 -0.761535 7.402867e-02 -0.643882 1.100546e+03 0.647625 4.792600e-02 -0.760451 -1.919808e+03 -0.025436 -9.961041e-01 -0.084439 1.468659e+02 0.000000 0 0.000000 1 
174 -0.760428 7.345910e-02 -0.645254 1.099086e+03 0.648971 4.891922e-02 -0.759239 -1.921392e+03 -0.024207 -9.960980e-01 -0.084872 1.468925e+02 0.000000 0 0.000000 1 
175 -0.759286 7.393236e-02 -0.646544 1.097625e+03 0.650291 4.859878e-02 -0.758129 -1.922976e+03 -0.024629 -9.960786e-01 -0.084977 1.469269e+02 0.000000 0 0.000000 1 
176 -0.758091 7.617662e-02 -0.647685 1.096160e+03 0.651616 4.831669e-02 -0.757009 -1.924554e+03 -0.026372 -9.959232e-01 -0.086266 1.469563e+02 0.000000 0 0.000000 1 
177 -0.756719 7.689549e-02 -0.649203 1.094685e+03 0.653171 4.745112e-02 -0.755722 -1.926138e+03 -0.027306 -9.959096e-01 -0.086132 1.469904e+02 0.000000 0 0.000000 1 
178 -0.755360 7.858393e-02 -0.650581 1.093205e+03 0.654691 4.733299e-02 -0.754413 -1.927717e+03 -0.028491 -9.957834e-01 -0.087201 1.470159e+02 0.000000 0 0.000000 1 
179 -0.753852 7.985711e-02 -0.652174 1.091720e+03 0.656410 4.791257e-02 -0.752881 -1.929295e+03 -0.028875 -9.956544e-01 -0.088537 1.470444e+02 0.000000 0 0.000000 1 
180 -0.752062 8.167907e-02 -0.654012 1.090228e+03 0.658424 4.840439e-02 -0.751089 -1.930879e+03 -0.029691 -9.954828e-01 -0.090182 1.470696e+02 0.000000 0 0.000000 1 
181 -0.750313 8.209880e-02 -0.655965 1.088733e+03 0.660397 4.788173e-02 -0.749388 -1.932459e+03 -0.030115 -9.954735e-01 -0.090143 1.470932e+02 0.000000 0 0.000000 1 
182 -0.748700 8.033223e-02 -0.658025 1.087230e+03 0.662297 4.796055e-02 -0.747705 -1.934039e+03 -0.028505 -9.956139e-01 -0.089111 1.471152e+02 0.000000 0 0.000000 1 
183 -0.747035 7.820063e-02 -0.660169 1.085725e+03 0.664252 4.802400e-02 -0.745965 -1.935612e+03 -0.026631 -9.957805e-01 -0.087820 1.471361e+02 0.000000 0 0.000000 1 
184 -0.745310 7.708148e-02 -0.662248 1.084213e+03 0.666232 4.815557e-02 -0.744188 -1.937193e+03 -0.025472 -9.958614e-01 -0.087244 1.471623e+02 0.000000 0 0.000000 1 
185 -0.743684 7.644789e-02 -0.664146 1.082701e+03 0.668067 4.793883e-02 -0.742555 -1.938764e+03 -0.024928 -9.959207e-01 -0.086723 1.471929e+02 0.000000 0 0.000000 1 
186 -0.742371 7.707882e-02 -0.665541 1.081180e+03 0.669512 4.782369e-02 -0.741260 -1.940323e+03 -0.025307 -9.958776e-01 -0.087107 1.472212e+02 0.000000 0 0.000000 1 
187 -0.741337 7.919314e-02 -0.666444 1.079652e+03 0.670618 4.849068e-02 -0.740217 -1.941893e+03 -0.026303 -9.956794e-01 -0.089055 1.472498e+02 0.000000 0 0.000000 1 
188 -0.740632 8.073577e-02 -0.667043 1.078121e+03 0.671393 4.995735e-02 -0.739415 -1.943465e+03 -0.026373 -9.954830e-01 -0.091205 1.472711e+02 0.000000 0 0.000000 1 
189 -0.740055 8.129817e-02 -0.667615 1.076586e+03 0.672042 5.092447e-02 -0.738760 -1.945042e+03 -0.026062 -9.953883e-01 -0.092322 1.472936e+02 0.000000 0 0.000000 1 
190 -0.739785 8.164013e-02 -0.667872 1.075045e+03 0.672341 5.134788e-02 -0.738458 -1.946613e+03 -0.025994 -9.953385e-01 -0.092876 1.473073e+02 0.000000 0 0.000000 1 
191 -0.739761 8.077112e-02 -0.668005 1.073507e+03 0.672374 5.062519e-02 -0.738478 -1.948189e+03 -0.025830 -9.954464e-01 -0.091758 1.473252e+02 0.000000 0 0.000000 1 
192 -0.739905 7.993650e-02 -0.667946 1.071963e+03 0.672230 5.024479e-02 -0.738636 -1.949768e+03 -0.025483 -9.955331e-01 -0.090911 1.473411e+02 0.000000 0 0.000000 1 
193 -0.740055 7.876096e-02 -0.667920 1.070411e+03 0.672076 4.942141e-02 -0.738831 -1.951343e+03 -0.025181 -9.956680e-01 -0.089507 1.473637e+02 0.000000 0 0.000000 1 
194 -0.740094 7.813370e-02 -0.667950 1.068859e+03 0.672040 4.902753e-02 -0.738890 -1.952926e+03 -0.024984 -9.957369e-01 -0.088793 1.473894e+02 0.000000 0 0.000000 1 
195 -0.739987 7.893160e-02 -0.667975 1.067306e+03 0.672152 4.963935e-02 -0.738748 -1.954513e+03 -0.025152 -9.956436e-01 -0.089786 1.474151e+02 0.000000 0 0.000000 1 
196 -0.739839 8.073620e-02 -0.667923 1.065746e+03 0.672271 4.992859e-02 -0.738619 -1.956096e+03 -0.026285 -9.954844e-01 -0.091215 1.474419e+02 0.000000 0 0.000000 1 
197 -0.739567 8.357295e-02 -0.667874 1.064185e+03 0.672499 5.041061e-02 -0.738379 -1.957684e+03 -0.028040 -9.952260e-01 -0.093484 1.474579e+02 0.000000 0 0.000000 1 
198 -0.739506 8.506442e-02 -0.667754 1.062622e+03 0.672526 5.065080e-02 -0.738338 -1.959275e+03 -0.028984 -9.950874e-01 -0.094664 1.474738e+02 0.000000 0 0.000000 1 
199 -0.739304 8.521941e-02 -0.667958 1.061053e+03 0.672753 5.094085e-02 -0.738111 -1.960867e+03 -0.028875 -9.950594e-01 -0.094992 1.474835e+02 0.000000 0 0.000000 1 
200 -0.739095 8.416060e-02 -0.668323 1.059480e+03 0.672998 5.025122e-02 -0.737936 -1.962461e+03 -0.028521 -9.951845e-01 -0.093780 1.475001e+02 0.000000 0 0.000000 1 
201 -0.738906 8.384086e-02 -0.668572 1.057905e+03 0.673229 5.069820e-02 -0.737694 -1.964055e+03 -0.027953 -9.951889e-01 -0.093905 1.475128e+02 0.000000 0 0.000000 1 
202 -0.738630 8.383390e-02 -0.668879 1.056334e+03 0.673541 5.094104e-02 -0.737392 -1.965656e+03 -0.027745 -9.951770e-01 -0.094091 1.475261e+02 0.000000 0 0.000000 1 
203 -0.738270 8.414641e-02 -0.669236 1.054761e+03 0.673921 5.070712e-02 -0.737062 -1.967252e+03 -0.028086 -9.951626e-01 -0.094143 1.475404e+02 0.000000 0 0.000000 1 
204 -0.737755 8.306283e-02 -0.669940 1.053189e+03 0.674498 4.985117e-02 -0.736592 -1.968852e+03 -0.027786 -9.952969e-01 -0.092803 1.475565e+02 0.000000 0 0.000000 1 
205 -0.736856 8.296433e-02 -0.670940 1.051600e+03 0.675531 5.147837e-02 -0.735532 -1.970455e+03 -0.026484 -9.952223e-01 -0.093976 1.475763e+02 0.000000 0 0.000000 1 
206 -0.735391 8.204273e-02 -0.672658 1.050012e+03 0.677223 5.402930e-02 -0.733791 -1.972063e+03 -0.023859 -9.951634e-01 -0.095293 1.475853e+02 0.000000 0 0.000000 1 
207 -0.734012 8.356088e-02 -0.673977 1.048423e+03 0.678729 5.582733e-02 -0.732264 -1.973669e+03 -0.023562 -9.949379e-01 -0.097692 1.475948e+02 0.000000 0 0.000000 1 
208 -0.732920 8.458052e-02 -0.675037 1.046827e+03 0.679896 5.621918e-02 -0.731150 -1.975274e+03 -0.023891 -9.948296e-01 -0.098709 1.476015e+02 0.000000 0 0.000000 1 
209 -0.732143 8.555792e-02 -0.675756 1.045222e+03 0.680691 5.543379e-02 -0.730470 -1.976872e+03 -0.025037 -9.947901e-01 -0.098823 1.476096e+02 0.000000 0 0.000000 1 
210 -0.731487 8.588602e-02 -0.676425 1.043614e+03 0.681308 5.229637e-02 -0.730127 -1.978468e+03 -0.027333 -9.949317e-01 -0.096768 1.476238e+02 0.000000 0 0.000000 1 
211 -0.730996 8.622197e-02 -0.676913 1.042002e+03 0.681756 4.976017e-02 -0.729886 -1.980065e+03 -0.029249 -9.950327e-01 -0.095156 1.476386e+02 0.000000 0 0.000000 1 
212 -0.730772 8.623229e-02 -0.677153 1.040388e+03 0.681947 4.811184e-02 -0.729818 -1.981660e+03 -0.030354 -9.951129e-01 -0.093964 1.476581e+02 0.000000 0 0.000000 1 
213 -0.730380 8.524846e-02 -0.677700 1.038780e+03 0.682406 4.828186e-02 -0.729377 -1.983259e+03 -0.029457 -9.951894e-01 -0.093437 1.476736e+02 0.000000 0 0.000000 1 
214 -0.729883 8.582154e-02 -0.678163 1.037171e+03 0.683007 5.121119e-02 -0.728614 -1.984856e+03 -0.027801 -9.949937e-01 -0.095994 1.476902e+02 0.000000 0 0.000000 1 
215 -0.729279 8.684536e-02 -0.678683 1.035563e+03 0.683705 5.415111e-02 -0.727746 -1.986456e+03 -0.026450 -9.947492e-01 -0.098867 1.477025e+02 0.000000 0 0.000000 1 
216 -0.728867 8.728829e-02 -0.679069 1.033952e+03 0.684229 5.783684e-02 -0.726970 -1.988054e+03 -0.024181 -9.945029e-01 -0.101880 1.477034e+02 0.000000 0 0.000000 1 
217 -0.728452 8.538159e-02 -0.679756 1.032342e+03 0.684742 5.877449e-02 -0.726412 -1.989644e+03 -0.022070 -9.946135e-01 -0.101278 1.477058e+02 0.000000 0 0.000000 1 
218 -0.727981 8.555424e-02 -0.680239 1.030733e+03 0.685221 5.786454e-02 -0.726033 -1.991235e+03 -0.022753 -9.946520e-01 -0.100747 1.477090e+02 0.000000 0 0.000000 1 
219 -0.727605 8.582905e-02 -0.680606 1.029121e+03 0.685568 5.590771e-02 -0.725858 -1.992824e+03 -0.024248 -9.947403e-01 -0.099520 1.477135e+02 0.000000 0 0.000000 1 
220 -0.727444 8.583367e-02 -0.680778 1.027510e+03 0.685705 5.449141e-02 -0.725837 -1.994408e+03 -0.025204 -9.948184e-01 -0.098495 1.477228e+02 0.000000 0 0.000000 1 
221 -0.727228 8.590033e-02 -0.681000 1.025895e+03 0.685894 5.298114e-02 -0.725770 -1.995995e+03 -0.026263 -9.948943e-01 -0.097447 1.477363e+02 0.000000 0 0.000000 1 
222 -0.727018 8.690938e-02 -0.681096 1.024277e+03 0.686065 5.211198e-02 -0.725671 -1.997576e+03 -0.027574 -9.948525e-01 -0.097511 1.477473e+02 0.000000 0 0.000000 1 
223 -0.726570 8.820009e-02 -0.681409 1.022665e+03 0.686493 5.173325e-02 -0.725294 -1.999157e+03 -0.028719 -9.947587e-01 -0.098136 1.477644e+02 0.000000 0 0.000000 1 
224 -0.726007 8.909596e-02 -0.681892 1.021049e+03 0.687026 5.047201e-02 -0.724878 -2.000739e+03 -0.030167 -9.947437e-01 -0.097853 1.477758e+02 0.000000 0 0.000000 1 
225 -0.725547 9.019769e-02 -0.682236 1.019433e+03 0.687458 4.981670e-02 -0.724514 -2.002319e+03 -0.031362 -9.946774e-01 -0.098151 1.477867e+02 0.000000 0 0.000000 1 
226 -0.725096 9.172406e-02 -0.682512 1.017812e+03 0.687864 4.918742e-02 -0.724171 -2.003900e+03 -0.032853 -9.945691e-01 -0.098759 1.478002e+02 0.000000 0 0.000000 1 
227 -0.724386 9.217186e-02 -0.683206 1.016199e+03 0.688558 4.791036e-02 -0.723597 -2.005474e+03 -0.033962 -9.945901e-01 -0.098170 1.478107e+02 0.000000 0 0.000000 1 
228 -0.723644 9.276589e-02 -0.683911 1.014579e+03 0.689301 4.730584e-02 -0.722929 -2.007043e+03 -0.034710 -9.945638e-01 -0.098175 1.478227e+02 0.000000 0 0.000000 1 
229 -0.722956 9.290048e-02 -0.684620 1.012955e+03 0.690054 4.821994e-02 -0.722150 -2.008615e+03 -0.034075 -9.945073e-01 -0.098966 1.478294e+02 0.000000 0 0.000000 1 
230 -0.722379 9.237074e-02 -0.685301 1.011342e+03 0.690708 4.902589e-02 -0.721470 -2.010178e+03 -0.033045 -9.945173e-01 -0.099216 1.478383e+02 0.000000 0 0.000000 1 
231 -0.721665 9.203587e-02 -0.686097 1.009720e+03 0.691460 4.871515e-02 -0.720771 -2.011750e+03 -0.032913 -9.945636e-01 -0.098794 1.478429e+02 0.000000 0 0.000000 1 
232 -0.721116 9.170374e-02 -0.686719 1.008092e+03 0.692003 4.735502e-02 -0.720340 -2.013320e+03 -0.033538 -9.946599e-01 -0.097607 1.478497e+02 0.000000 0 0.000000 1 
233 -0.720722 9.236213e-02 -0.687045 1.006477e+03 0.692389 4.725461e-02 -0.719975 -2.014875e+03 -0.034032 -9.946038e-01 -0.098007 1.478581e+02 0.000000 0 0.000000 1 
234 -0.720296 9.286292e-02 -0.687423 1.004853e+03 0.692777 4.610452e-02 -0.719677 -2.016440e+03 -0.035138 -9.946111e-01 -0.097541 1.478658e+02 0.000000 0 0.000000 1 
235 -0.719768 9.269371e-02 -0.687999 1.003229e+03 0.693306 4.526743e-02 -0.719221 -2.017993e+03 -0.035523 -9.946654e-01 -0.096846 1.478780e+02 0.000000 0 0.000000 1 
236 -0.719213 9.263052e-02 -0.688587 1.001598e+03 0.693889 4.530404e-02 -0.718656 -2.019557e+03 -0.035373 -9.946696e-01 -0.096858 1.478876e+02 0.000000 0 0.000000 1 
237 -0.718770 9.212508e-02 -0.689117 9.999702e+02 0.694376 4.549894e-02 -0.718172 -2.021119e+03 -0.034807 -9.947076e-01 -0.096672 1.478993e+02 0.000000 0 0.000000 1 
238 -0.718205 9.244485e-02 -0.689663 9.983540e+02 0.694981 4.630595e-02 -0.717535 -2.022677e+03 -0.034397 -9.946407e-01 -0.097504 1.479116e+02 0.000000 0 0.000000 1 
239 -0.717641 9.251993e-02 -0.690241 9.967354e+02 0.695608 4.755432e-02 -0.716846 -2.024235e+03 -0.033498 -9.945748e-01 -0.098484 1.479192e+02 0.000000 0 0.000000 1 
240 -0.717125 9.250728e-02 -0.690779 9.951147e+02 0.696168 4.827190e-02 -0.716254 -2.025781e+03 -0.032913 -9.945414e-01 -0.099017 1.479339e+02 0.000000 0 0.000000 1 
241 -0.716507 9.232495e-02 -0.691443 9.934949e+02 0.696809 4.812850e-02 -0.715640 -2.027322e+03 -0.032793 -9.945653e-01 -0.098816 1.479447e+02 0.000000 0 0.000000 1 
