1 -0.0436791494 -0.9976300362 0.0531642996 1216.461052 -0.9974607866 0.0405518363 -0.0585450912 -1646.768766 0.0562504314 -0.0555865039 -0.9968681104 134.7606851
2 -0.0456428598 -0.9974416554 0.0550170293 1216.395597 -0.997319149 0.0423455707 -0.059677195 -1647.943485 0.0571947926 -0.0575933747 -0.9967004359 134.8141407
3 -0.046754626 -0.997382832 0.0551497186 1216.335882 -0.9972442528 0.0434219814 -0.0601534027 -1649.109129 0.0576012611 -0.0578101897 -0.9966644755 134.8706203
4 -0.048100853 -0.9972673444 0.0560727363 1216.272942 -0.9972717354 0.0448024261 -0.0586670982 -1650.297088 0.0559945866 -0.0587416925 -0.9967015701 134.934337
5 -0.0493993738 -0.9972177006 0.0558261539 1216.206089 -0.9972493014 0.0461541701 -0.0579967535 -1651.485068 0.0552587794 -0.0585375963 -0.9967546424 134.9962336
6 -0.0512496832 -0.9970521695 0.0571002731 1216.142345 -0.9971403792 0.0479070462 -0.0584463782 -1652.694333 0.0555385828 -0.0599323463 -0.9966561993 135.0538712
7 -0.0519530034 -0.9969754978 0.0577991539 1216.076474 -0.9970761148 0.0485365607 -0.0590205351 -1653.901648 0.0560366552 -0.0606964499 -0.996582076 135.1133791
8 -0.0510607992 -0.9969346538 0.0592797668 1216.010167 -0.9971028854 0.047538593 -0.0593794421 -1655.120842 0.0563793469 -0.0621399883 -0.9964737784 135.1738208
9 -0.0487657135 -0.9969551014 0.0608476048 1215.943034 -0.9971915595 0.0451293717 -0.0597690014 -1656.347067 0.0568409967 -0.063591396 -0.9963559783 135.2377266
10 -0.0453892461 -0.9971364456 0.0604873977 1215.880661 -0.9973358898 0.0417706403 -0.0598024798 -1657.571064 0.0571046348 -0.063040642 -0.996375902 135.3015917
11 -0.0418458768 -0.9973993437 0.058681103 1215.820304 -0.9974586158 0.0383142357 -0.060069369 -1658.81417 0.0576648276 -0.0610456272 -0.9964678615 135.3661883
12 -0.0385400243 -0.997568566 0.0580656746 1215.762809 -0.9975905694 0.0350561526 -0.0598675376 -1660.062949 0.0576864145 -0.0602330658 -0.9965160588 135.4347767
13 -0.0355188103 -0.997811735 0.0557687693 1215.715495 -0.9976766207 0.0321571479 -0.0600606227 -1661.331151 0.0581358296 -0.0577724792 -0.9966356235 135.5037358
14 -0.0333688919 -0.998064774 0.0524711724 1215.674816 -0.9976824112 0.0301492337 -0.0609986074 -1662.605256 0.0592985956 -0.0543850217 -0.9967577168 135.5690909
15 -0.0325634651 -0.9983155475 0.0480175842 1215.639542 -0.997656725 0.0295744789 -0.0616961036 -1663.893337 0.0601720844 -0.0499141047 -0.9969392672 135.6352268
16 -0.033232175 -0.9984700531 0.0441947453 1215.606393 -0.9976465799 0.0304863586 -0.0614156627 -1665.191212 0.0599743632 -0.0461317126 -0.9971333616 135.7035128
17 -0.035049402 -0.9985702849 0.0403599492 1215.572324 -0.9976327237 0.0325685543 -0.0605659797 -1666.49635 0.0591649224 -0.0423872075 -0.9973479015 135.7746606
18 -0.0377353 -0.9985206678 0.0391474525 1215.534643 -0.9975426209 0.0353262382 -0.0605043495 -1667.80639 0.0590319113 -0.0413344021 -0.9973999702 135.8449338
19 -0.0408862095 -0.9983971981 0.039132501 1215.488456 -0.9974042109 0.0384595497 -0.0608744859 -1669.129514 0.0592718978 -0.0415198483 -0.9973780348 135.9154176
20 -0.0443544007 -0.9982618663 0.0388063576 1215.430559 -0.997171359 0.0418797131 -0.0624129028 -1670.463191 0.0606792218 -0.0414648752 -0.9972956914 135.9887575
21 -0.0483431106 -0.9980754854 0.03883644 1215.373447 -0.9969623906 0.0458390896 -0.0629664169 -1671.799183 0.06106501 -0.0417624625 -0.9972597261 136.0628777
22 -0.0526246015 -0.9978772122 0.0383630132 1215.309785 -0.9967232472 0.0501230575 -0.0634858059 -1673.144946 0.0614281674 -0.0415782223 -0.9972451212 136.1392244
23 -0.0569638118 -0.9976834115 0.0371878286 1215.23702 -0.9965133854 0.0545436938 -0.0631352375 -1674.498754 0.0609606176 -0.0406545927 -0.9973118906 136.2175884
24 -0.061403209 -0.9974657671 0.03594008 1215.165265 -0.9962819164 0.0590706729 -0.0627136249 -1675.861931 0.0604316893 -0.0396572696 -0.9973842348 136.291655
25 -0.0659129506 -0.9972357054 0.0342991372 1215.083466 -0.9960401064 0.0637008452 -0.062018617 -1677.232086 0.0596622953 -0.0382511463 -0.9974854687 136.370975
26 -0.0708142575 -0.9969486018 0.0328454929 1214.99412 -0.9957752108 0.0687245359 -0.0608988324 -1678.611294 0.0584557146 -0.0370192332 -0.997603381 136.4466815
27 -0.076280901 -0.9965812142 0.0317349606 1214.901228 -0.995448286 0.0742933421 -0.0596926234 -1679.997516 0.0571308508 -0.0361439193 -0.9977122245 136.5230416
28 -0.0821772338 -0.9961222147 0.0314234898 1214.800056 -0.9949630983 0.0801838784 -0.0601579485 -1681.401265 0.0574050116 -0.0362088266 -0.9976941343 136.5980822
29 -0.0883553354 -0.9955847946 0.0316899269 1214.683377 -0.9943863033 0.0863002442 -0.061222118 -1682.809977 0.0582169614 -0.0369213301 -0.9976209705 136.6717259
30 -0.0948536652 -0.994962761 0.0324327994 1214.560811 -0.9937846238 0.0927339072 -0.0615836345 -1684.231176 0.0582658028 -0.0380726508 -0.997574844 136.7461261
31 -0.1012282713 -0.9943209589 0.0328430778 1214.424715 -0.9932308097 0.0991166979 -0.0605676394 -1685.665791 0.0569683758 -0.0387519142 -0.9976236231 136.8248888
32 -0.1076075484 -0.9936633511 0.0324616741 1214.28135 -0.9926562863 0.1055689056 -0.0590652478 -1687.111938 0.0552640286 -0.0385791514 -0.997726183 136.9015096
33 -0.1137873297 -0.992990212 0.0319825331 1214.128318 -0.9920273535 0.1118040365 -0.058151417 -1688.563187 0.0541680116 -0.0383444421 -0.9977953349 136.9769889
34 -0.119460691 -0.9923513607 0.031111417 1213.965752 -0.991304017 0.1174756619 -0.0592943059 -1690.015162 0.0551859508 -0.0379242114 -0.9977556139 137.0504418
35 -0.1243344908 -0.9917482409 0.0312467772 1213.791419 -0.9906002734 0.1222575361 -0.0613530213 -1691.475422 0.057026597 -0.0385813627 -0.9976269071 137.1207424
36 -0.1287709766 -0.9911375031 0.0326264541 1213.609882 -0.9899256459 0.1265213278 -0.0635576051 -1692.938183 0.0588663838 -0.0404821385 -0.9974447079 137.1977712
37 -0.1326616444 -0.9906028102 0.0332710178 1213.414105 -0.9894285738 0.1303710474 -0.0635176152 -1694.412182 0.0585831507 -0.0413456469 -0.9974259631 137.2762196
38 -0.1366007445 -0.9900307669 0.034341188 1213.21335 -0.9889187786 0.1342488935 -0.0633788914 -1695.90458 0.058136786 -0.0426182494 -0.9973985156 137.3594368
39 -0.1406607792 -0.9894520853 0.0346282566 1213.006544 -0.9883794622 0.1383006945 -0.0630789712 -1697.402031 0.0576245077 -0.0430985949 -0.9974076034 137.4396494
40 -0.1446926856 -0.9889074864 0.0335560742 1212.79411 -0.9878405926 0.1424209723 -0.0623476558 -1698.910533 0.0568769749 -0.042169302 -0.9974902304 137.5208293
41 -0.148612175 -0.9883351053 0.0332887543 1212.570699 -0.9872079688 0.1463087023 -0.0633576361 -1700.419837 0.0577481415 -0.0422786396 -0.9974355462 137.6032218
42 -0.1526049775 -0.9877655733 0.0321075243 1212.339983 -0.9865901547 0.1503593843 -0.0634974184 -1701.943325 0.0578928963 -0.0413669894 -0.9974653802 137.680607
43 -0.1565077948 -0.987143442 0.0324520417 1212.104268 -0.986065902 0.1542923992 -0.062192383 -1703.477056 0.0563856997 -0.0417334444 -0.9975364517 137.7604897
44 -0.1602458108 -0.9865407636 0.0325361617 1211.863935 -0.9855530037 0.1580803896 -0.0607936459 -1705.020236 0.0548320808 -0.041808039 -0.997619933 137.8442205
45 -0.1635399408 -0.9860050903 0.0323828613 1211.60971 -0.9850215177 0.1613822099 -0.0607321334 -1706.57205 0.0546561749 -0.0418299447 -0.9976286675 137.9236752
46 -0.1669407524 -0.9854297694 0.0325415859 1211.345939 -0.9844136923 0.1647350974 -0.0615794621 -1708.135628 0.0553214938 -0.0423145045 -0.9975715589 138.003172
47 -0.1707594952 -0.9847753716 0.0325370908 1211.081697 -0.9837191315 0.1685129769 -0.0624503553 -1709.703798 0.0560166498 -0.0426713499 -0.9975175642 138.0817958
48 -0.1746574592 -0.9840489451 0.0338000832 1210.80105 -0.9829975899 0.172289841 -0.0634976296 -1711.288548 0.0566613645 -0.044315735 -0.9974094472 138.1623308
49 -0.1787776392 -0.9832362307 0.0358478786 1210.515945 -0.9822370723 0.1762481233 -0.0643966842 -1712.869984 0.0569990317 -0.0467238025 -0.9972802999 138.2448421
50 -0.1827176766 -0.9824336955 0.0379247233 1210.223816 -0.9816467614 0.1801564713 -0.0625562277 -1714.45914 0.0546249616 -0.0486588104 -0.9973206274 138.3323425
51 -0.1866547213 -0.9816472292 0.039099007 1209.926823 -0.9810394111 0.1841302666 -0.0604790775 -1716.056147 0.0521698083 -0.0496463721 -0.9974034033 138.4168795
52 -0.1909326118 -0.9808382715 0.038743036 1209.624685 -0.9802484951 0.188447692 -0.0600029597 -1717.654633 0.0515521636 -0.0494343245 -0.9974460497 138.4975034
53 -0.1953802275 -0.9799823925 0.0382240383 1209.31294 -0.9793272147 0.192870948 -0.0609836366 -1719.253744 0.0523905836 -0.0493488378 -0.9974065966 138.576618
54 -0.1995109022 -0.9791919499 0.0371284948 1208.990406 -0.9784914059 0.1970542019 -0.0610263071 -1720.856713 0.0524401427 -0.0485053267 -0.9974453693 138.6554766
55 -0.2039510493 -0.9783149861 0.0361075814 1208.666893 -0.9776311491 0.2015949996 -0.0599732642 -1722.462014 0.0513936353 -0.0475315065 -0.9975467158 138.7384834
56 -0.2091542453 -0.9772795839 0.0343382669 1208.32994 -0.9765357484 0.2068949505 -0.0597696537 -1724.071446 0.0513072483 -0.046033622 -0.9976214071 138.8183301
57 -0.2147396648 -0.976122229 0.0327455399 1207.987028 -0.9753395538 0.2125759908 -0.059364997 -1725.684456 0.0509865776 -0.0446860398 -0.9976991163 138.8976237
58 -0.2204966278 -0.974853856 0.0322675766 1207.63101 -0.9739937218 0.2182929318 -0.0606994719 -1727.293186 0.0521293304 -0.0448124459 -0.9976343907 138.9744803
59 -0.226263994 -0.9735180912 0.0326669716 1207.265225 -0.9725578661 0.223921088 -0.0631707486 -1728.900352 0.0541830428 -0.0460637861 -0.9974679571 139.0549584
60 -0.2320626673 -0.9720630419 0.0352187591 1206.887271 -0.9711643967 0.2295099283 -0.0645360943 -1730.513778 0.0546500972 -0.0491796231 -0.9972937038 139.1451316
61 -0.2379725181 -0.9706407388 0.0350090948 1206.50372 -0.9698353123 0.2355064369 -0.0628982134 -1732.133909 0.0528067012 -0.0489211026 -0.9974057239 139.229973
62 -0.2441534262 -0.969191599 0.0325076755 1206.117391 -0.9685448968 0.2420549334 -0.0577078165 -1733.753606 0.0480612877 -0.0455747043 -0.9978041185 139.3161476
63 -0.250803656 -0.9676408974 0.0277239924 1205.715514 -0.9669419365 0.2490544714 -0.0547280706 -1735.372722 0.0460523351 -0.0405334911 -0.9981163352 139.3965022
64 -0.2577171222 -0.9659300125 0.0236874636 1205.314185 -0.9650032728 0.2560849839 -0.0564726876 -1736.986138 0.0484826601 -0.0374124585 -0.9981231084 139.4655672
65 -0.2642532832 -0.9641496782 0.0241991802 1204.89012 -0.9630940709 0.2624661319 -0.0596769657 -1738.594515 0.0511860621 -0.0390759211 -0.9979243756 139.5402277
66 -0.2702310616 -0.9623974325 0.0276831225 1204.444123 -0.9614285055 0.26820417 -0.0610061641 -1740.20124 0.0512874468 -0.0431011036 -0.9977534228 139.6192872
67 -0.2761950449 -0.9606359926 0.0299129891 1203.986682 -0.9597969989 0.2740653992 -0.0606455095 -1741.807607 0.0500601439 -0.0454603864 -0.997711048 139.7079764
68 -0.282453553 -0.9588288188 0.0294497306 1203.525764 -0.9580415515 0.2803955695 -0.0594534285 -1743.419588 0.0487480867 -0.0450068977 -0.9977965741 139.7898554
69 -0.2887445488 -0.9570338541 0.0266980849 1203.054573 -0.9562069973 0.2868754751 -0.0580572131 -1745.026715 0.0479036926 -0.0422925994 -0.9979561976 139.8653436
70 -0.2950627237 -0.955154281 0.0248654076 1202.571083 -0.9542695587 0.2932813905 -0.0579278452 -1746.641314 0.048037468 -0.0408206494 -0.9980110602 139.941375
71 -0.300745061 -0.9533994321 0.0241232499 1202.075179 -0.952438792 0.2989470481 -0.0590847691 -1748.258924 0.0491198109 -0.0407453715 -0.9979614516 140.0164444
72 -0.3057061892 -0.9517898054 0.0252960891 1201.565832 -0.9508289265 0.3037957379 -0.0602702429 -1749.877314 0.0496797587 -0.0424772395 -0.9978615163 140.0959452
73 -0.3101211972 -0.9503182961 0.0268324274 1201.046337 -0.9494252973 0.3081236069 -0.0604272095 -1751.493476 0.0491573785 -0.0442151439 -0.9978118927 140.175536
74 -0.3138835125 -0.9490343147 0.0284782394 1200.510868 -0.9483118646 0.3118868274 -0.0585765689 -1753.113278 0.0467091862 -0.0453924716 -0.9978766334 140.2578358
75 -0.3171853694 -0.9478972917 0.0297349248 1199.973085 -0.9473289173 0.315219366 -0.0566098377 -1754.728834 0.0442872877 -0.0461245664 -0.9979534862 140.3356717
76 -0.3196654957 -0.9470766975 0.0293206391 1199.431104 -0.9465397914 0.3177637027 -0.0555756468 -1756.345895 0.0433173651 -0.0455187683 -0.9980238713 140.4074005
77 -0.3220664994 -0.9463013596 0.0280518594 1198.883808 -0.9456918689 0.3201979094 -0.0560373802 -1757.966105 0.0440461023 -0.0445761782 -0.998034521 140.4786394
78 -0.3247610152 -0.9454316039 0.02625577 1198.333639 -0.9447249727 0.3229473763 -0.0565660512 -1759.590446 0.0450001004 -0.0431749298 -0.9980535639 140.5505203
79 -0.327543292 -0.944539813 0.0236629141 1197.767964 -0.9437448324 0.3258589612 -0.0562283622 -1761.22404 0.0453991542 -0.0407489758 -0.9981374844 140.6203134
80 -0.3306519289 -0.9435082919 0.0214803408 1197.1996 -0.9427018988 0.3291243824 -0.054683369 -1762.857865 0.0445245082 -0.0383307195 -0.9982726702 140.6895436
81 -0.3342542527 -0.9422764745 0.0197266339 1196.629302 -0.9414933494 0.3328712475 -0.0527920976 -1764.493899 0.0431783224 -0.0362184777 -0.9984106642 140.7621805
82 -0.3380760709 -0.940934088 0.0186443653 1196.05065 -0.9401142411 0.3367338402 -0.0528728144 -1766.133877 0.0434716447 -0.0354028667 -0.9984271897 140.8323388
83 -0.3416895354 -0.9396258149 0.0187507177 1195.456372 -0.9387694908 0.3403023627 -0.0539086734 -1767.778297 0.0442730677 -0.0360226313 -0.998369804 140.8988939
84 -0.3449584871 -0.9384109983 0.0197088903 1194.85081 -0.9375899918 0.3435222734 -0.0540134706 -1769.427215 0.0439163921 -0.0371112634 -0.9983456839 140.9693429
85 -0.348092967 -0.9372415477 0.0202377751 1194.237343 -0.936403324 0.3465948605 -0.0549619633 -1771.077417 0.0444983268 -0.0380825927 -0.9982833341 141.041744
86 -0.3510156181 -0.9361452137 0.0204981638 1193.62224 -0.9352306526 0.3494252532 -0.0569703331 -1772.738502 0.0461699285 -0.0391679878 -0.9981654204 141.1145018
87 -0.3537001787 -0.935114374 0.021384367 1192.997684 -0.9341913521 0.3520244392 -0.0580113084 -1774.395076 0.0467193886 -0.0404957009 -0.9980868684 141.1925669
88 -0.356518042 -0.934059833 0.0206667395 1192.371278 -0.9331615893 0.3549148214 -0.05696418 -1776.059284 0.0458730203 -0.0395941654 -0.9981622955 141.2699194
89 -0.3595585862 -0.9329254179 0.0191777931 1191.741207 -0.9320834532 0.3581127184 -0.0545501339 -1777.719003 0.0440233948 -0.0374892727 -0.9983268479 141.3493284
90 -0.3627753064 -0.9317235497 0.0168909461 1191.104118 -0.9309418876 0.3615402173 -0.0513407555 -1779.388558 0.0417286346 -0.0343496476 -0.9985383432 141.4259526
91 -0.3662110648 -0.9304132246 0.0148555525 1190.45774 -0.9296407923 0.3651153083 -0.0495863789 -1781.069167 0.040711833 -0.0319694082 -0.9986593531 141.4986949
92 -0.3698215739 -0.9289914223 0.0143854382 1189.803405 -0.9282271365 0.3687566771 -0.0491212391 -1782.742393 0.0403284833 -0.0315190481 -0.9986892225 141.5712217
93 -0.3734308207 -0.9275425692 0.014635729 1189.1417 -0.9268442505 0.3723960907 -0.0477586328 -1784.418059 0.0388478767 -0.0313995867 -0.9987516751 141.6409931
94 -0.3773122621 -0.9259561593 0.0155128293 1188.47319 -0.925273858 0.3762270261 -0.0481820759 -1786.104391 0.0387781443 -0.0325333034 -0.9987180982 141.7097403
95 -0.3813485459 -0.9242861801 0.0163812061 1187.785779 -0.9235725109 0.3801707822 -0.0498396778 -1787.788383 0.0398384695 -0.0341355203 -0.9986228831 141.7751903
96 -0.3853089929 -0.9226052931 0.0183426598 1187.089149 -0.9219243106 0.3840128486 -0.0508890709 -1789.473109 0.0399067091 -0.0365185607 -0.9985358528 141.8417405
97 -0.3893393544 -0.9208782407 0.0199532701 1186.381817 -0.9202650776 0.3879784949 -0.0508416598 -1791.159951 0.0390775385 -0.0381569567 -0.9985073824 141.9101735
98 -0.3937829063 -0.9190105717 0.0188306096 1185.668712 -0.918336877 0.3924397614 -0.0514627448 -1792.8552 0.0399049265 -0.0375579924 -0.9984973681 141.9779828
99 -0.3985357216 -0.9170055162 0.0164366041 1184.947957 -0.9162487186 0.3972833759 -0.0515189768 -1794.554052 0.0407131963 -0.03559217 -0.998536746 142.0490293
100 -0.4034373113 -0.9148971203 0.0141984164 1184.214298 -0.9140574629 0.4022631497 -0.0518007031 -1796.268919 0.0416808144 -0.0338765048 -0.9985565042 142.1174009
101 -0.4083399353 -0.9127296122 0.0135333779 1183.469335 -0.9119422776 0.4072443545 -0.050133004 -1797.972113 0.0402464856 -0.0328129671 -0.9986508547 142.1864498
102 -0.4131568281 -0.9105574006 0.0136621966 1182.702974 -0.9097370578 0.4120164662 -0.0511948942 -1799.671586 0.0409868398 -0.0335805267 -0.9985952269 142.2583496
103 -0.4179369495 -0.9083720352 0.0137459766 1181.925306 -0.9075947869 0.4168174493 -0.0503479573 -1801.371326 0.0400051136 -0.0335180483 -0.998637137 142.3279321
104 -0.4227996361 -0.9061252566 0.0133224281 1181.14204 -0.9053082536 0.4216666911 -0.0511289307 -1803.071195 0.0407115912 -0.0336781974 -0.9986031972 142.4026177
105 -0.4275874557 -0.9038801283 0.0130261815 1180.352919 -0.9030972277 0.426493887 -0.0501832819 -1804.770055 0.0398040845 -0.0332216502 -0.998655074 142.4707222
106 -0.4325267223 -0.9015340904 0.0125267059 1179.554627 -0.9006692598 0.4313901503 -0.0519367183 -1806.475751 0.0414188245 -0.0337464374 -0.9985718096 142.5358916
107 -0.4373492383 -0.8992139074 0.0118318427 1178.738684 -0.8982966953 0.4362087511 -0.0527728401 -1808.173328 0.0422929184 -0.0337086667 -0.9985364464 142.6142912
108 -0.4418653714 -0.8969944724 0.0124863931 1177.902012 -0.8961403077 0.4407216972 -0.0519320192 -1809.883686 0.0410797098 -0.0341365211 -0.9985725589 142.6880154
109 -0.446025063 -0.894910919 0.0140032198 1177.064216 -0.8941948989 0.4448872557 -0.0499080396 -1811.585196 0.0384333956 -0.0347818442 -0.9986556451 142.7560169
110 -0.4497262587 -0.893048545 0.0145116709 1176.208951 -0.8924091414 0.4486167084 -0.0484662079 -1813.298416 0.0367724984 -0.0347468741 -0.9987193991 142.8259061
111 -0.4532194205 -0.8912722258 0.015032512 1175.340316 -0.8907185313 0.4521502464 -0.0466974598 -1815.002657 0.0348231949 -0.0345539326 -0.9987959606 142.8979754
112 -0.4567223053 -0.889497693 0.0140921953 1174.459784 -0.8889367086 0.4557038507 -0.0461034536 -1816.710957 0.034587048 -0.0335835453 -0.9988372648 142.9605243
113 -0.460603892 -0.8875050327 0.0133742916 1173.585944 -0.8868962546 0.4595810769 -0.0469070077 -1818.424309 0.0354836341 -0.0334671595 -0.9988097221 143.0221741
114 -0.4646092997 -0.8854256576 0.0126334273 1172.697338 -0.8846680596 0.4634931651 -0.0503637794 -1820.141842 0.0387378753 -0.0345758699 -0.9986510333 143.0881445
115 -0.4684840593 -0.8833800879 0.0127399574 1171.8016 -0.8825906066 0.4673240817 -0.0514006208 -1821.8523 0.039452596 -0.0353245382 -0.9985968504 143.1536176
116 -0.4723482827 -0.8813264605 0.0122788402 1170.887971 -0.8805871394 0.4712579046 -0.0498224584 -1823.570545 0.0381233504 -0.0343461414 -0.9986826086 143.2267329
117 -0.476974298 -0.8788415939 0.0115313411 1169.96149 -0.8780334854 0.4758654785 -0.0510807677 -1825.288288 0.0394045362 -0.034489117 -0.9986279504 143.3011056
118 -0.4814161163 -0.8763969682 0.0129180909 1169.019172 -0.8756390644 0.4802451972 -0.0511935486 -1827.002436 0.0386620197 -0.0359569844 -0.998605199 143.3717965
119 -0.4855230024 -0.8741145728 0.0138248988 1168.064598 -0.8734821111 0.4843990612 -0.0488523405 -1828.721322 0.0360057747 -0.0357947368 -0.9987103289 143.4502771
120 -0.4900278122 -0.8715962609 0.0138816872 1167.109149 -0.8710896825 0.4890196947 -0.0454147917 -1830.439085 0.0327949443 -0.0343467055 -0.9988717613 143.5245241
121 -0.4949899626 -0.8688272728 0.0111403276 1166.151306 -0.8682300408 0.4940655015 -0.0455617875 -1832.158525 0.034081272 -0.0322249946 -0.9988994027 143.5863021
122 -0.4997821699 -0.8660687064 0.0119489927 1165.177821 -0.8654382026 0.4987636627 -0.0474502512 -1833.886443 0.0351354543 -0.0340559042 -0.9988021302 143.6435572
123 -0.5041019858 -0.8635131745 0.0150394576 1164.1862 -0.8629717336 0.5029461051 -0.0482182782 -1835.597852 0.0340730818 -0.0372855566 -0.9987235916 143.7095087
124 -0.5085094712 -0.8608745456 0.0176956075 1163.183374 -0.8604307188 0.5072493491 -0.0485497259 -1837.318517 0.0328191378 -0.0399138397 -0.9986640023 143.7748737
125 -0.5128656953 -0.8582615757 0.0188638912 1162.16956 -0.8578804103 0.5115769324 -0.0482725995 -1839.034903 0.0317801857 -0.040940323 -0.9986560518 143.8404001
126 -0.5175452961 -0.8554787288 0.0174072142 1161.151543 -0.8550304404 0.5162823579 -0.0487388229 -1840.752261 0.0327079887 -0.0401082466 -0.99865986 143.9012459
127 -0.5222776777 -0.8526477 0.0147623536 1160.128143 -0.852121147 0.5211207209 -0.0481948655 -1842.47433 0.0334002728 -0.0377504161 -0.998728856 143.9637187
128 -0.5270811974 -0.8497206095 0.01266085 1159.086337 -0.8491745225 0.5260472653 -0.0466573154 -1844.195211 0.0329854769 -0.0353434649 -0.9988307153 144.0261371
129 -0.5317887795 -0.8468037017 0.0111438277 1158.034896 -0.8462987314 0.530893431 -0.0439388456 -1845.917273 0.0312913922 -0.0327971924 -0.9989720682 144.0881077
130 -0.5362231885 -0.8440174437 0.0099622729 1156.973516 -0.8435685871 0.5354540863 -0.040999517 -1847.631524 0.0292699678 -0.0303887522 -0.9991094999 144.1505476
131 -0.54053951 -0.841277949 0.0082734862 1155.898654 -0.8408665829 0.5399006232 -0.0380881458 -1849.342445 0.0275758568 -0.0275450458 -0.9992401326 144.2050455
132 -0.5447616933 -0.838574569 0.0052335234 1154.814203 -0.8381430668 0.5442562393 -0.0360741678 -1851.058969 0.027402502 -0.0240382661 -0.9993354115 144.2581103
133 -0.5487279843 -0.8359958137 0.0029323605 1153.716251 -0.8355196851 0.5482897153 -0.0358502995 -1852.767036 0.0283629172 -0.0221221075 -0.9993528693 144.3117651
134 -0.5523275911 -0.8336257472 0.0015316141 1152.606706 -0.8330767824 0.5518952536 -0.0373457332 -1854.474549 0.0302870742 -0.021903031 -0.999301231 144.3670327
135 -0.5558362582 -0.8312879339 0.0025347695 1151.480831 -0.8307844638 0.5553879374 -0.0366253161 -1856.183571 0.0290384029 -0.0224635258 -0.9993258533 144.4238969
136 -0.5594063775 -0.8288832883 0.0041230019 1150.343278 -0.8283847091 0.5588817967 -0.0378141644 -1857.898846 0.0290392582 -0.0245689165 -0.999276283 144.4858862
137 -0.5630039035 -0.8264296491 0.006374931 1149.195357 -0.8260024851 0.5624244104 -0.0373988926 -1859.608141 0.0273221369 -0.0263214314 -0.9992800824 144.5393241
138 -0.5666508362 -0.823914385 0.0084803297 1148.03149 -0.8235258884 0.5659903576 -0.0382102907 -1861.317763 0.0266822233 -0.0286356642 -0.9992337353 144.5931392
139 -0.5702284681 -0.8214238326 0.0101183644 1146.858448 -0.8210935183 0.5695319173 -0.0379319028 -1863.030133 0.0253954375 -0.0299379742 -0.9992290976 144.6419444
140 -0.5739334642 -0.8188313182 0.01075412 1145.671494 -0.8185027708 0.5731942572 -0.0387499381 -1864.74172 0.025565463 -0.0310421632 -0.9991910684 144.6924455
141 -0.5776316431 -0.8162240389 0.0109545937 1144.469897 -0.8158960827 0.5768747356 -0.0391039854 -1866.455464 0.0255981846 -0.0315255094 -0.9991750974 144.7414938
142 -0.5814143864 -0.8135342809 0.0109217659 1143.260358 -0.8132071564 0.5806547572 -0.0391685301 -1868.162957 0.0255231667 -0.0316548051 -0.9991729286 144.7922738
143 -0.5853383414 -0.8107230735 0.0103500836 1142.046079 -0.8103795547 0.5845892705 -0.0392474469 -1869.869782 0.025768263 -0.0313605316 -0.9991759173 144.8383875
144 -0.5893422374 -0.8078455154 0.0078326541 1140.820342 -0.8074222316 0.5886504998 -0.0394959375 -1871.568045 0.0272959202 -0.0296008832 -0.9991890314 144.8922612
145 -0.5934976185 -0.8048226395 0.0045930128 1139.589402 -0.8042968994 0.592881817 -0.0399705988 -1873.268245 0.0294461291 -0.0274166011 -0.9991902999 144.9466877
146 -0.5977499905 -0.8016809972 0.001589842 1138.346935 -0.8010969506 0.5972363771 -0.0394003241 -1874.953201 0.0306369797 -0.024825161 -0.999222241 145.0031126
147 -0.6019170093 -0.7985583246 0.0007184156 1137.092116 -0.7979943733 0.6014576274 -0.038127454 -1876.635213 0.0300148992 -0.0235228547 -0.999272626 145.068075
148 -0.6060100231 -0.795452405 0.0027061746 1135.826943 -0.794995772 0.6055392943 -0.0361093555 -1878.305693 0.0270845786 -0.0240340287 -0.9993441805 145.1287538
149 -0.6100068692 -0.7923746748 0.0058304528 1134.553181 -0.7920398168 0.6094954362 -0.0344708833 -1879.980972 0.0237602206 -0.0256454264 -0.9993886952 145.1872223
150 -0.613962515 -0.7892842963 0.0089626859 1133.277197 -0.7890642747 0.6134147663 -0.0331646631 -1881.650719 0.0206785039 -0.0274339952 -0.9994097135 145.2369769
151 -0.6176755217 -0.7863510603 0.0113560521 1131.993553 -0.7862040427 0.6170828157 -0.033045452 -1883.313508 0.0189777016 -0.0293395409 -0.9993893326 145.2871587
152 -0.6210338239 -0.7836962357 0.0117132302 1130.692947 -0.7835564542 0.6204244853 -0.0333577742 -1884.963931 0.0188751872 -0.0298942832 -0.9993748342 145.3229616
153 -0.6246746095 -0.780814183 0.0105282431 1129.392199 -0.780624664 0.6240612449 -0.0342446576 -1886.615435 0.0201684458 -0.0296103743 -0.9993580237 145.3637148
154 -0.6282647398 -0.7779494753 0.0088334922 1128.078912 -0.7776946058 0.6276600364 -0.0351280359 -1888.259018 0.0217834071 -0.0289394656 -0.9993437799 145.4040849
155 -0.6320597382 -0.7748881664 0.0069869139 1126.757558 -0.7745572397 0.6314627241 -0.0362754802 -1889.901511 0.0236974646 -0.0283400353 -0.9993174033 145.4474485
156 -0.6358746309 -0.7717615573 0.0068958348 1125.432379 -0.7714278061 0.6352743147 -0.0364099573 -1891.540653 0.0237190586 -0.0284718069 -0.9993131454 145.5005652
157 -0.6396434238 -0.7686316722 0.0078512973 1124.095659 -0.7683398088 0.6390336795 -0.0359151044 -1893.164017 0.0225882433 -0.0290053246 -0.9993240027 145.5527639
158 -0.6433364151 -0.7655401428 0.0081576202 1122.746484 -0.7652816633 0.6427469459 -0.0349333557 -1894.78863 0.0214996007 -0.028716777 -0.9993563498 145.6022591
159 -0.6470294389 -0.7624206136 0.0082287992 1121.391361 -0.7621985868 0.6464803909 -0.0334128471 -1896.40385 0.0201548861 -0.0278910748 -0.9994077589 145.6513441
160 -0.6509217569 -0.759100141 0.0082366399 1120.029818 -0.7589103284 0.6504127287 -0.0319123127 -1898.018309 0.0188674256 -0.0270232897 -0.9994567335 145.6961965
161 -0.6546651143 -0.7558688748 0.00870817 1118.653312 -0.7557088706 0.6541680405 -0.0311171599 -1899.628678 0.0178238861 -0.0269521604 -0.9994778087 145.7381812
162 -0.6580421349 -0.7529419156 0.0076824728 1117.272707 -0.7527538332 0.6575586172 -0.0312782908 -1901.231505 0.01849906 -0.0263654441 -0.9994811895 145.7781927
163 -0.6611378639 -0.7502377307 0.0063302834 1115.874732 -0.7500317219 0.6606991345 -0.0304806484 -1902.835304 0.0186853197 -0.0248998242 -0.9995153113 145.8176142
164 -0.6640593142 -0.7476596602 0.0055008787 1114.470299 -0.7474412571 0.6636435273 -0.030146903 -1904.440683 0.0188890007 -0.0241309154 -0.999530342 145.8563459
165 -0.6664891896 -0.7454899195 0.0060778346 1113.063486 -0.7452949703 0.6660726949 -0.0297081205 -1906.02915 0.0180988247 -0.0243299208 -0.999540138 145.8959191
166 -0.6683218366 -0.7438390918 0.007023399 1111.652796 -0.743655149 0.6678689119 -0.0304653232 -1907.611335 0.0179705885 -0.0255836276 -0.9995111485 145.9321734
167 -0.6698023905 -0.7424983564 0.0078069388 1110.233272 -0.7423186772 0.6693099468 -0.0314193677 -1909.198001 0.0181035671 -0.0268400041 -0.9994758001 145.9695339
168 -0.6707812572 -0.7416010698 0.0089642821 1108.801957 -0.7414321456 0.670234045 -0.032629718 -1910.775282 0.0181900667 -0.0285338102 -0.9994273076 146.0053774
169 -0.6718681816 -0.7406054752 0.0098324322 1107.368897 -0.7404363091 0.6712623685 -0.034072055 -1912.352742 0.0186338088 -0.0301722194 -0.9993710114 146.0471981
170 -0.6728589101 -0.7396882209 0.0110554516 1105.936374 -0.7395815487 0.672273577 -0.0326706352 -1913.924911 0.0167337961 -0.030159136 -0.9994050263 146.0813503
171 -0.673856412 -0.7387974984 0.0097873551 1104.499691 -0.7386756169 0.6733292457 -0.0314015911 -1915.501849 0.0166093045 -0.0283898441 -0.9994589275 146.1148256
172 -0.6751113168 -0.7376698195 0.0082430115 1103.064231 -0.7375353023 0.6746567249 -0.0296644801 -1917.081036 0.0163213885 -0.0261063383 -0.9995259233 146.1499552
173 -0.676389881 -0.7365127666 0.0067582152 1101.619308 -0.7363638399 0.6759933724 -0.0283064598 -1918.66962 0.0162795604 -0.0241227083 -0.9995764457 146.1906296
174 -0.677654143 -0.7353558369 0.0060543793 1100.160723 -0.7352089433 0.6772948916 -0.0271926383 -1920.254582 0.0158956651 -0.0228784378 -0.9996118771 146.2178327
175 -0.6789409719 -0.7341649966 0.0063964307 1098.702297 -0.7340234149 0.6785713505 -0.0273961432 -1921.840058 0.0157728548 -0.023295494 -0.9996041902 146.2524334
176 -0.6802580721 -0.7329232167 0.0085155043 1097.240476 -0.7328310151 0.679852284 -0.0275603939 -1923.420356 0.0144103675 -0.0249886061 -0.9995838689 146.2839783
177 -0.6817885116 -0.7314929907 0.0090791008 1095.767999 -0.731405493 0.6813558587 -0.0282877821 -1925.007484 0.0145062158 -0.0259267891 -0.9995585882 146.3179607
178 -0.683279054 -0.7300800776 0.0106214267 1094.290997 -0.7300346161 0.6828252354 -0.028269367 -1926.588046 0.0133863235 -0.0270698755 -0.9995439101 146.3452189
179 -0.6849344007 -0.7285103243 0.0117292005 1092.809289 -0.7285054162 0.6844864848 -0.0275338098 -1928.168274 0.0120301855 -0.0274036396 -0.9995520573 146.3758941
180 -0.686879484 -0.7266485573 0.013358464 1091.321722 -0.7266976763 0.6864321558 -0.0268585699 -1929.75435 0.0103470618 -0.0281561654 -0.9995499831 146.4037554
181 -0.6887976706 -0.7248264099 0.0135810352 1089.830313 -0.7248794842 0.6883384255 -0.0272019361 -1931.337363 0.0103683333 -0.028581244 -0.9995376982 146.4272736
182 -0.6906042113 -0.7231395821 0.0116175836 1088.328193 -0.7231419444 0.6901735219 -0.0269488033 -1932.920574 0.0114695977 -0.027012119 -0.9995693041 146.4474939
183 -0.6924569627 -0.7213994677 0.0092823915 1086.825171 -0.7213448975 0.6920609614 -0.0267051429 -1934.495912 0.0128410951 -0.0251879679 -0.9996002564 146.4662264
184 -0.6943440256 -0.7195991884 0.007961287 1085.31493 -0.7195172417 0.6939729898 -0.0263899281 -1936.080006 0.0134652527 -0.0240519721 -0.9996200226 146.4914469
185 -0.6961057916 -0.7179037047 0.0071412683 1083.805053 -0.717802511 0.6957447002 -0.0264361004 -1937.653079 0.0140100748 -0.0235283429 -0.9996249971 146.5211929
186 -0.6975067202 -0.7165376201 0.0076298228 1082.287098 -0.7164489962 0.6971391645 -0.0264163057 -1939.215116 0.0136092285 -0.0238919296 -0.9996219108 146.5500715
187 -0.698580287 -0.715466691 0.0096434759 1080.761484 -0.7154374053 0.6982060398 -0.02564459 -1940.78621 0.0116147168 -0.0248141084 -0.9996246087 146.5818137
188 -0.6993054662 -0.7147364828 0.0111186867 1079.232761 -0.7147604196 0.6989539379 -0.0241025974 -1942.357667 0.0094555559 -0.0248022753 -0.9996476577 146.6065413
189 -0.6999096767 -0.7141368167 0.0116211638 1077.699373 -0.7141825889 0.6995790752 -0.0230726499 -1943.935395 0.0083471057 -0.0244484038 -0.999666245 146.6307858
190 -0.7001896471 -0.7138571252 0.0119357819 1076.158422 -0.7139143575 0.6998675709 -0.0226201983 -1945.506355 0.007794123 -0.0243595547 -0.9996728784 146.6453311
191 -0.700232324 -0.7138294029 0.0110578446 1074.619943 -0.713859291 0.6999000689 -0.0233410827 -1947.082989 0.0089221649 -0.0242379257 -0.9996664033 146.6615177
192 -0.7000944855 -0.713976885 0.0102332349 1073.075919 -0.7139831546 0.6997604339 -0.0237358409 -1948.661789 0.0097860288 -0.0239236887 -0.9996658896 146.6760523
193 -0.6999546344 -0.7141297603 0.0090661603 1071.52281 -0.7140993718 0.6996128587 -0.0245750915 -1950.237192 0.0112070019 -0.0236755886 -0.9996568759 146.6964019
194 -0.6999224065 -0.7141690334 0.0084389955 1069.97021 -0.7141192278 0.6995785007 -0.0249729823 -1951.820282 0.0119311908 -0.0235055988 -0.9996525064 146.7208976
195 -0.7000240011 -0.7140596588 0.0092304701 1068.41814 -0.7140356868 0.6996857384 -0.0243496509 -1953.406636 0.0109286751 -0.0236362251 -0.999660889 146.7481837
196 -0.7001501922 -0.713910372 0.0110312814 1066.859218 -0.713933069 0.6998008541 -0.0240486514 -1954.989922 0.0094488816 -0.0247132645 -0.9996499253 146.7773545
197 -0.7003801269 -0.7136354896 0.0138587821 1065.300665 -0.713734726 0.7000202905 -0.0235442948 -1956.578497 0.0071006157 -0.0263814502 -0.9996267305 146.7970851
198 -0.7004092815 -0.7135762502 0.015354922 1063.737969 -0.7137172325 0.7000462629 -0.0233011126 -1958.169091 0.0058779648 -0.0272793879 -0.9996105664 146.8148973
199 -0.7006206072 -0.7133658696 0.0154887293 1062.169608 -0.7135123857 0.7002653631 -0.0229890562 -1959.761417 0.0055533875 -0.0271580067 -0.9996157274 146.8251073
200 -0.7008680978 -0.7131455576 0.014398725 1060.596866 -0.7132586355 0.7005015872 -0.0236568223 -1961.35547 0.006784428 -0.026850327 -0.9996164422 146.8397494
201 -0.701075948 -0.7129480709 0.0140557189 1059.021954 -0.7130553029 0.7007242609 -0.0231871757 -1962.95035 0.0066820689 -0.0262784761 -0.9996323282 146.8526765
202 -0.7013696818 -0.7126598487 0.0140181839 1057.450683 -0.712768041 0.7010254302 -0.0229143176 -1964.550732 0.0065030108 -0.0260631211 -0.9996391472 146.8662116
203 -0.7017428245 -0.7122869534 0.0142935011 1055.879061 -0.7124012678 0.7013916427 -0.0231127074 -1966.147787 0.0064375377 -0.0264018849 -0.9996306811 146.8806648
204 -0.7023130407 -0.711746866 0.0131450253 1054.306899 -0.7118255668 0.7019490126 -0.0239153946 -1967.749081 0.0077945696 -0.0261530586 -0.9996275618 146.8945418
205 -0.7032633106 -0.7108115686 0.012947199 1052.718997 -0.7108981874 0.7029448818 -0.0221869395 -1969.35261 0.006669566 -0.0248074008 -0.9996700004 146.9161274
206 -0.7048226082 -0.7092844725 0.0118586649 1051.133197 -0.7093626344 0.7045747712 -0.0194690723 -1970.961392 0.0054537946 -0.022134336 -0.9997401299 146.9270063
207 -0.7062354734 -0.7078532469 0.0132377072 1049.546913 -0.7079704163 0.7060246868 -0.0175223077 -1972.568474 0.0030570744 -0.0217467804 -0.9997588368 146.9402772
208 -0.7073517957 -0.7067201099 0.0141464963 1047.953127 -0.706858788 0.7071499652 -0.0170170649 -1974.174205 0.0020226076 -0.0220366266 -0.9997551181 146.9485618
209 -0.708136664 -0.70591504 0.0150473026 1046.34991 -0.7060729409 0.7079171762 -0.0177277684 -1975.774541 0.0018620543 -0.023178176 -0.9997296159 146.9569598
210 -0.7088096091 -0.705233742 0.0153070936 1044.743523 -0.7053894307 0.7085143441 -0.0208128617 -1977.373623 0.003832637 -0.0255498185 -0.9996662031 146.9680806
211 -0.7093109188 -0.7047232723 0.0155926243 1043.132177 -0.7048752725 0.7089481412 -0.0233105832 -1978.973381 0.0053731484 -0.0275253064 -0.999606666 146.9804729
212 -0.7095420618 -0.7044908506 0.0155789573 1041.519399 -0.7046328774 0.7091335209 -0.0249430873 -1980.569782 0.006524616 -0.0286756151 -0.9995674757 146.9982414
213 -0.7099711248 -0.7040805585 0.0145454154 1039.911425 -0.7041950999 0.7095757685 -0.0247283236 -1982.168947 0.0070896576 -0.027799206 -0.9995883857 147.0127848
214 -0.710470927 -0.7035651878 0.0150694501 1038.302838 -0.7037115795 0.7101532096 -0.0217354942 -1983.764829 0.0045907187 -0.0260469832 -0.9996501788 147.0332816
215 -0.7110682238 -0.7029401217 0.0160364088 1036.696503 -0.703120815 0.7108239124 -0.0187212468 -1985.363579 0.0017608526 -0.0245876165 -0.9996961281 147.0500414
216 -0.7114813593 -0.7025126663 0.0164386455 1035.0861 -0.7027039909 0.7113247207 -0.0149747454 -1986.960358 -0.0011732666 -0.022205754 -0.9997527334 147.055533
217 -0.7119550228 -0.7020759095 0.0144728289 1033.476392 -0.7022249008 0.7118178347 -0.0139842376 -1988.550431 -0.0004840214 -0.020119329 -0.9997974687 147.0568097
218 -0.7124354583 -0.7015858204 0.01459638 1031.867808 -0.7017376413 0.712280674 -0.0148500573 -1990.142763 2.18703e-05 -0.0208225366 -0.9997831872 147.0591777
219 -0.7128139665 -0.7011962811 0.014833222 1030.256564 -0.7013521386 0.7126174744 -0.0167783451 -1991.733227 0.0011945 -0.0223631506 -0.9997491999 147.0618888
220 -0.7129789466 -0.7010287928 0.0148207055 1028.646305 -0.7011820369 0.7127503494 -0.0181848989 -1993.31881 0.0021846747 -0.0233574626 -0.9997247902 147.0695917
221 -0.713198902 -0.7008040834 0.0148648224 1027.03076 -0.7009544371 0.7129344777 -0.0196801341 -1994.906311 0.003194274 -0.0244554133 -0.9996958184 147.0815271
222 -0.713388639 -0.7005891315 0.0158593363 1025.413913 -0.7007618584 0.7130996799 -0.0205344663 -1996.488341 0.0030769363 -0.025762673 -0.9996633519 147.0927725
223 -0.7138134993 -0.7001267392 0.0171124895 1023.803693 -0.7003317167 0.7135123298 -0.0208720353 -1998.070357 0.0024030977 -0.0268831597 -0.9996356941 147.1109739
224 -0.7143634892 -0.6995444207 0.0179557443 1022.188849 -0.6997698919 0.7140269038 -0.0220834571 -1999.654664 0.0026274747 -0.0283405047 -0.999594874 147.122039
225 -0.7148002421 -0.6990700542 0.0190177098 1020.574553 -0.699324971 0.7144434243 -0.0226975424 -2001.234954 0.0022800944 -0.0295237682 -0.999561478 147.1334776
226 -0.7152128033 -0.6986057737 0.0205089996 1018.955287 -0.6989048996 0.7148353746 -0.0232879487 -2002.817016 0.001608537 -0.0309896794 -0.9995184102 147.148085
227 -0.7159206613 -0.6978691889 0.0208854476 1017.343137 -0.6981783225 0.7155046063 -0.024498741 -2004.392921 0.0021532826 -0.0321209216 -0.9994816706 147.1578024
228 -0.7166545552 -0.6970997239 0.0214061548 1015.725183 -0.6974250962 0.7162204208 -0.0250308628 -2005.963618 0.0021174823 -0.0328676714 -0.9994574691 147.1698678
229 -0.7173464533 -0.6963857619 0.0214694299 1014.10214 -0.6967153257 0.7169447601 -0.0240409218 -2007.536195 0.0013493604 -0.0322037509 -0.9994804138 147.1777235
230 -0.7179479513 -0.6957837309 0.0208743625 1012.48961 -0.6960958527 0.7175749255 -0.023168734 -2009.099836 0.001141509 -0.0311645022 -0.9995136171 147.1869237
231 -0.7186783467 -0.695041546 0.0204617545 1010.868182 -0.6953409012 0.7182988367 -0.0234053891 -2010.672787 0.0015700634 -0.0310488412 -0.9995166354 147.1908842
232 -0.7192424829 -0.6944692058 0.0200692041 1009.241412 -0.6947537416 0.7188229784 -0.0247136447 -2012.245077 0.0027366601 -0.0317182578 -0.9994931029 147.1958979
233 -0.7196178485 -0.6940619549 0.0206919025 1007.627157 -0.6943664708 0.7191949436 -0.0247757427 -2013.800851 0.0023143887 -0.03219683 -0.9994788681 147.2048859
234 -0.7200288355 -0.6936216894 0.0211524949 1006.004111 -0.6939387495 0.7195684672 -0.025888856 -2015.366451 0.0027364038 -0.0333192587 -0.9994410133 147.2120181
235 -0.7205638912 -0.693072688 0.0209267246 1004.38029 -0.6933801222 0.7200781146 -0.0266742379 -2016.921129 0.0034183094 -0.0337306675 -0.9994251134 147.223133
236 -0.72112161 -0.6924960427 0.0208051525 1002.751014 -0.6928000973 0.7206396929 -0.026579283 -2018.485988 0.0034130296 -0.033580707 -0.9994301813 147.2327248
237 -0.7215805598 -0.6920342911 0.0202493366 1001.123095 -0.6923210019 0.7211089237 -0.0263353479 -2020.048951 0.0036229865 -0.0330221161 -0.9994480546 147.2441194
238 -0.7221345098 -0.6914484529 0.0205130844 999.5079685 -0.691746979 0.7216907695 -0.0254666484 -2021.607081 0.002804771 -0.0325802098 -0.9994651886 147.2577202
239 -0.7226950844 -0.6908620166 0.020530197 997.890219 -0.691164498 0.7222937402 -0.0241534576 -2023.165183 0.0018578736 -0.0316453283 -0.9994974345 147.2667691
240 -0.7232087848 -0.6903262114 0.0204640039 996.2703103 -0.6906281489 0.7228320757 -0.0233784144 -2024.711804 0.0013466938 -0.0310404918 -0.9995172206 147.2821963
241 -0.7238276805 -0.6896845584 0.0202162994 994.6513241 -0.6899790416 0.7234491481 -0.0234574588 -2026.253212 0.0015527825 -0.0309279808 -0.9995204094 147.292719
242 -0.7244273029 -0.6890534113 0.0202602857 993.0279015 -0.6893490122 0.7240379367 -0.0238118797 -2027.798858 0.0017384415 -0.0312163837 -0.9995111381 147.3056427
243 -0.7248572953 -0.6885755187 0.02111058 991.4023913 -0.6888975915 0.7244522796 -0.0242693835 -2029.350453 0.0014176956 -0.0321348674 -0.9994825363 147.3147916
244 -0.7253503255 -0.6880671897 0.0207472373 989.7754613 -0.6883763916 0.724920687 -0.0250587525 -2030.897378 0.0022020039 -0.0324582826 -0.9994706654 147.3237082
245 -0.7258648011 -0.6874939178 0.0217348468 988.1453406 -0.6878369274 0.7254647366 -0.0241096915 -2032.448147 0.0008074014 -0.0324504067 -0.9994730208 147.3361896
246 -0.7265174223 -0.6868011174 0.0218325516 986.5161845 -0.6871472302 0.7261008404 -0.0246222193 -2033.999017 0.0010579336 -0.0328906486 -0.9994583963 147.3433194
