1 0.561508 6.027085e-02 -0.825273 -2.584359e+03 0.827078 -7.163592e-02 0.557504 -4.953896e+02 -0.025518 -9.956084e-01 -0.090072 1.164046e+02 0.000000 0 0.000000 1 
80 0.555318 5.690474e-02 -0.829689 -2.584527e+03 0.831254 -6.829905e-02 0.551681 -4.952780e+02 -0.025273 -9.960409e-01 -0.085229 1.164041e+02 0.000000 0 0.000000 1 
83 0.547789 5.506028e-02 -0.834803 -2.584718e+03 0.836313 -6.295512e-02 0.544627 -4.951621e+02 -0.022567 -9.964966e-01 -0.080533 1.164067e+02 0.000000 0 0.000000 1 
85 0.541257 5.848578e-02 -0.838821 -2.584927e+03 0.840672 -5.862879e-02 0.538363 -4.950409e+02 -0.017692 -9.965654e-01 -0.080900 1.164074e+02 0.000000 0 0.000000 1 
87 0.533995 6.301066e-02 -0.843136 -2.585197e+03 0.845363 -5.698014e-02 0.531146 -4.948763e+02 -0.014574 -9.963852e-01 -0.083693 1.164073e+02 0.000000 0 0.000000 1 
89 0.531507 6.696016e-02 -0.844403 -2.585523e+03 0.846984 -5.481085e-02 0.528785 -4.946673e+02 -0.010875 -9.962493e-01 -0.085846 1.164072e+02 0.000000 0 0.000000 1 
90 0.532613 6.909662e-02 -0.843534 -2.585707e+03 0.846306 -5.469318e-02 0.529883 -4.945433e+02 -0.009522 -9.961098e-01 -0.087606 1.164083e+02 0.000000 0 0.000000 1 
91 0.535542 7.193001e-02 -0.841440 -2.585904e+03 0.844467 -5.556374e-02 0.532718 -4.944055e+02 -0.008435 -9.958610e-01 -0.090498 1.164092e+02 0.000000 0 0.000000 1 
92 0.539840 7.382952e-02 -0.838524 -2.586111e+03 0.841730 -5.682533e-02 0.536900 -4.942539e+02 -0.008010 -9.956508e-01 -0.092820 1.164092e+02 0.000000 0 0.000000 1 
93 0.546396 7.543613e-02 -0.834123 -2.586329e+03 0.837504 -5.669542e-02 0.543482 -4.940912e+02 -0.006292 -9.955378e-01 -0.094155 1.164099e+02 0.000000 0 0.000000 1 
94 0.555303 7.684986e-02 -0.828090 -2.586559e+03 0.831639 -5.611897e-02 0.552474 -4.939167e+02 -0.004014 -9.954623e-01 -0.095074 1.164113e+02 0.000000 0 0.000000 1 
95 0.565121 7.814359e-02 -0.821299 -2.586798e+03 0.825008 -5.477600e-02 0.562461 -4.937304e+02 -0.001034 -9.954364e-01 -0.095423 1.164133e+02 0.000000 0 0.000000 1 
96 0.576309 7.758911e-02 -0.813540 -2.587043e+03 0.817232 -5.363596e-02 0.573808 -4.935282e+02 0.000887 -9.955419e-01 -0.094318 1.164176e+02 0.000000 0 0.000000 1 
97 0.589443 7.563331e-02 -0.804262 -2.587293e+03 0.807806 -5.183038e-02 0.587166 -4.933097e+02 0.002724 -9.957880e-01 -0.091647 1.164216e+02 0.000000 0 0.000000 1 
98 0.604610 7.278252e-02 -0.793189 -2.587549e+03 0.796515 -5.107591e-02 0.602458 -4.930713e+02 0.003336 -9.960394e-01 -0.088853 1.164243e+02 0.000000 0 0.000000 1 
99 0.622349 6.859211e-02 -0.779728 -2.587810e+03 0.782734 -5.068272e-02 0.620289 -4.928113e+02 0.003029 -9.963568e-01 -0.085231 1.164289e+02 0.000000 0 0.000000 1 
100 0.643598 6.437908e-02 -0.762651 -2.588076e+03 0.765347 -4.745060e-02 0.641867 -4.925317e+02 0.005135 -9.967970e-01 -0.079811 1.164352e+02 0.000000 0 0.000000 1 
101 0.668438 5.970815e-02 -0.741367 -2.588345e+03 0.743738 -4.469765e-02 0.666976 -4.922288e+02 0.006687 -9.972149e-01 -0.074284 1.164464e+02 0.000000 0 0.000000 1 
102 0.695435 5.477212e-02 -0.716499 -2.588609e+03 0.718555 -4.324299e-02 0.694124 -4.918963e+02 0.007035 -9.975623e-01 -0.069429 1.164544e+02 0.000000 0 0.000000 1 
103 0.723351 4.864875e-02 -0.688765 -2.588866e+03 0.690471 -4.535446e-02 0.721937 -4.915333e+02 0.003883 -9.977859e-01 -0.066397 1.164669e+02 0.000000 0 0.000000 1 
104 0.751338 4.275696e-02 -0.658531 -2.589118e+03 0.659919 -4.882948e-02 0.749749 -4.911459e+02 -0.000098 -9.978918e-01 -0.064903 1.164828e+02 0.000000 0 0.000000 1 
105 0.779181 3.804856e-02 -0.625643 -2.589359e+03 0.626795 -5.094033e-02 0.777517 -4.907364e+02 -0.002287 -9.979769e-01 -0.063540 1.164939e+02 0.000000 0 0.000000 1 
106 0.807574 3.719992e-02 -0.588592 -2.589594e+03 0.589764 -5.419816e-02 0.805755 -4.903040e+02 -0.001926 -9.978373e-01 -0.065707 1.165046e+02 0.000000 0 0.000000 1 
107 0.835418 3.795736e-02 -0.548303 -2.589816e+03 0.549615 -5.950570e-02 0.833296 -4.898456e+02 -0.000997 -9.975063e-01 -0.070573 1.165116e+02 0.000000 0 0.000000 1 
108 0.861825 3.744305e-02 -0.505822 -2.590015e+03 0.507205 -6.659418e-02 0.859249 -4.893632e+02 -0.001512 -9.970776e-01 -0.076383 1.165188e+02 0.000000 0 0.000000 1 
109 0.886541 3.553639e-02 -0.461284 -2.590192e+03 0.462644 -7.380219e-02 0.883467 -4.888602e+02 -0.002648 -9.966398e-01 -0.081869 1.165257e+02 0.000000 0 0.000000 1 
110 0.909679 3.453407e-02 -0.413874 -2.590348e+03 0.415310 -7.873579e-02 0.906266 -4.883412e+02 -0.001289 -9.962974e-01 -0.085966 1.165333e+02 0.000000 0 0.000000 1 
111 0.930872 3.366638e-02 -0.363792 -2.590483e+03 0.365341 -8.041645e-02 0.927394 -4.878074e+02 0.001967 -9.961929e-01 -0.087156 1.165393e+02 0.000000 0 0.000000 1 
112 0.949545 3.167473e-02 -0.312029 -2.590590e+03 0.313596 -8.057299e-02 0.946132 -4.872609e+02 0.004828 -9.962455e-01 -0.086440 1.165444e+02 0.000000 0 0.000000 1 
113 0.965504 2.940515e-02 -0.258724 -2.590667e+03 0.260274 -7.933688e-02 0.962270 -4.867017e+02 0.007770 -9.964143e-01 -0.084253 1.165546e+02 0.000000 0 0.000000 1 
114 0.978615 2.459050e-02 -0.204226 -2.590710e+03 0.205541 -7.770998e-02 0.975558 -4.861315e+02 0.008119 -9.966729e-01 -0.081102 1.165611e+02 0.000000 0 0.000000 1 
115 0.988616 1.821361e-02 -0.149354 -2.590717e+03 0.150324 -7.724368e-02 0.985614 -4.855510e+02 0.006415 -9.968461e-01 -0.079102 1.165683e+02 0.000000 0 0.000000 1 
116 0.995491 1.344050e-02 -0.093899 -2.590693e+03 0.094664 -7.777128e-02 0.992467 -4.849567e+02 0.006037 -9.968809e-01 -0.078692 1.165758e+02 0.000000 0 0.000000 1 
117 0.999245 1.106466e-02 -0.037246 -2.590642e+03 0.038011 -7.962407e-02 0.996100 -4.843535e+02 0.008056 -9.967638e-01 -0.079984 1.165839e+02 0.000000 0 0.000000 1 
118 0.999750 1.054280e-02 0.019724 -2.590561e+03 -0.018804 -8.120814e-02 0.996520 -4.837438e+02 0.012108 -9.966416e-01 -0.080989 1.165952e+02 0.000000 0 0.000000 1 
119 0.997034 1.033640e-02 0.076273 -2.590448e+03 -0.075133 -8.450927e-02 0.993586 -4.831270e+02 0.016716 -9.963693e-01 -0.083481 1.166021e+02 0.000000 0 0.000000 1 
120 0.991046 1.211332e-02 0.132975 -2.590302e+03 -0.131450 -8.639814e-02 0.987550 -4.825059e+02 0.023452 -9.961873e-01 -0.084031 1.166084e+02 0.000000 0 0.000000 1 
121 0.981887 1.313241e-02 0.189013 -2.590119e+03 -0.187147 -8.844326e-02 0.978342 -4.818784e+02 0.029565 -9.959949e-01 -0.084383 1.166141e+02 0.000000 0 0.000000 1 
122 0.969960 1.167797e-02 0.242987 -2.589894e+03 -0.240966 -9.094329e-02 0.966263 -4.812439e+02 0.033382 -9.957878e-01 -0.085397 1.166242e+02 0.000000 0 0.000000 1 
123 0.955476 1.155252e-02 0.294844 -2.589634e+03 -0.292589 -9.219914e-02 0.951783 -4.806063e+02 0.038180 -9.956738e-01 -0.084713 1.166350e+02 0.000000 0 0.000000 1 
124 0.938975 1.545995e-02 0.343640 -2.589344e+03 -0.340815 -9.355801e-02 0.935463 -4.799623e+02 0.046613 -9.954940e-01 -0.082579 1.166398e+02 0.000000 0 0.000000 1 
125 0.921148 1.625088e-02 0.388875 -2.589012e+03 -0.385770 -9.451192e-02 0.917741 -4.793150e+02 0.051668 -9.953913e-01 -0.080790 1.166443e+02 0.000000 0 0.000000 1 
126 0.902629 1.211271e-02 0.430250 -2.588640e+03 -0.427266 -9.557726e-02 0.899060 -4.786732e+02 0.052012 -9.953485e-01 -0.081095 1.166519e+02 0.000000 0 0.000000 1 
127 0.883702 6.219762e-03 0.468009 -2.588240e+03 -0.465279 -9.696931e-02 0.879836 -4.780434e+02 0.050855 -9.952682e-01 -0.082797 1.166611e+02 0.000000 0 0.000000 1 
128 0.864755 8.131064e-04 0.502195 -2.587813e+03 -0.499729 -9.759919e-02 0.860666 -4.774219e+02 0.049714 -9.952257e-01 -0.083992 1.166693e+02 0.000000 0 0.000000 1 
129 0.846137 -2.469155e-03 0.532960 -2.587362e+03 -0.530573 -9.856958e-02 0.841889 -4.767996e+02 0.050455 -9.951273e-01 -0.084713 1.166773e+02 0.000000 0 0.000000 1 
130 0.828257 -7.253503e-03 0.560303 -2.586883e+03 -0.558209 -9.799439e-02 0.823893 -4.761838e+02 0.048931 -9.951608e-01 -0.085213 1.166873e+02 0.000000 0 0.000000 1 
131 0.811513 -1.178536e-02 0.584216 -2.586378e+03 -0.582433 -9.692547e-02 0.807080 -4.755724e+02 0.047114 -9.952221e-01 -0.085520 1.166961e+02 0.000000 0 0.000000 1 
132 0.796020 -1.702175e-02 0.605031 -2.585845e+03 -0.603730 -9.360889e-02 0.791674 -4.749622e+02 0.043161 -9.954638e-01 -0.084790 1.167059e+02 0.000000 0 0.000000 1 
133 0.782107 -2.253308e-02 0.622737 -2.585284e+03 -0.621947 -9.016197e-02 0.777851 -4.743456e+02 0.038620 -9.956724e-01 -0.084530 1.167152e+02 0.000000 0 0.000000 1 
134 0.769881 -2.747369e-02 0.637597 -2.584703e+03 -0.637312 -8.543138e-02 0.765855 -4.737285e+02 0.033430 -9.959654e-01 -0.083280 1.167247e+02 0.000000 0 0.000000 1 
135 0.759441 -3.379665e-02 0.649699 -2.584104e+03 -0.650022 -8.067207e-02 0.755621 -4.731120e+02 0.026875 -9.961678e-01 -0.083233 1.167344e+02 0.000000 0 0.000000 1 
136 0.751305 -3.898278e-02 0.658803 -2.583492e+03 -0.659602 -7.700888e-02 0.747659 -4.724924e+02 0.021588 -9.962683e-01 -0.083570 1.167448e+02 0.000000 0 0.000000 1 
137 0.745075 -4.394493e-02 0.665532 -2.582865e+03 -0.666790 -7.296902e-02 0.741664 -4.718672e+02 0.015971 -9.963658e-01 -0.083669 1.167561e+02 0.000000 0 0.000000 1 
138 0.740438 -4.824783e-02 0.670391 -2.582225e+03 -0.672049 -6.811928e-02 0.737367 -4.712350e+02 0.010090 -9.965101e-01 -0.082862 1.167665e+02 0.000000 0 0.000000 1 
139 0.737627 -5.261868e-02 0.673156 -2.581572e+03 -0.675197 -6.366113e-02 0.734886 -4.705955e+02 0.004185 -9.965837e-01 -0.082485 1.167790e+02 0.000000 0 0.000000 1 
140 0.736540 -5.559382e-02 0.674106 -2.580911e+03 -0.676393 -6.253386e-02 0.733881 -4.699392e+02 0.001355 -9.964935e-01 -0.083661 1.167903e+02 0.000000 0 0.000000 1 
141 0.736217 -5.992392e-02 0.674088 -2.580237e+03 -0.676737 -5.976936e-02 0.733795 -4.692744e+02 -0.003682 -9.964122e-01 -0.084555 1.168050e+02 0.000000 0 0.000000 1 
142 0.736964 -6.351032e-02 0.672942 -2.579551e+03 -0.675890 -5.809016e-02 0.734710 -4.685960e+02 -0.007570 -9.962893e-01 -0.085736 1.168169e+02 0.000000 0 0.000000 1 
143 0.738150 -6.651570e-02 0.671350 -2.578859e+03 -0.674543 -5.611094e-02 0.736100 -4.679047e+02 -0.011292 -9.962066e-01 -0.086285 1.168288e+02 0.000000 0 0.000000 1 
144 0.739871 -6.947048e-02 0.669152 -2.578161e+03 -0.672580 -5.409236e-02 0.738045 -4.672019e+02 -0.015076 -9.961166e-01 -0.086745 1.168422e+02 0.000000 0 0.000000 1 
145 0.742239 -7.072957e-02 0.666393 -2.577461e+03 -0.669913 -5.263687e-02 0.740571 -4.664871e+02 -0.017303 -9.961060e-01 -0.086451 1.168565e+02 0.000000 0 0.000000 1 
146 0.744902 -7.274339e-02 0.663197 -2.576755e+03 -0.666823 -4.887504e-02 0.743612 -4.657680e+02 -0.021679 -9.961526e-01 -0.084913 1.168700e+02 0.000000 0 0.000000 1 
147 0.747608 -7.466017e-02 0.659930 -2.576049e+03 -0.663658 -4.611229e-02 0.746613 -4.650372e+02 -0.025311 -9.961425e-01 -0.084022 1.168855e+02 0.000000 0 0.000000 1 
148 0.750249 -7.736986e-02 0.656613 -2.575346e+03 -0.660535 -4.467695e-02 0.749465 -4.642996e+02 -0.028650 -9.960012e-01 -0.084624 1.169003e+02 0.000000 0 0.000000 1 
149 0.752870 -8.100294e-02 0.653166 -2.574645e+03 -0.657345 -4.285614e-02 0.752370 -4.635647e+02 -0.032952 -9.957923e-01 -0.085511 1.169183e+02 0.000000 0 0.000000 1 
150 0.755581 -8.311406e-02 0.649761 -2.573951e+03 -0.654082 -4.166756e-02 0.755275 -4.628270e+02 -0.035700 -9.956688e-01 -0.085846 1.169358e+02 0.000000 0 0.000000 1 
151 0.758190 -8.500391e-02 0.646469 -2.573259e+03 -0.650879 -3.968590e-02 0.758143 -4.620856e+02 -0.038789 -9.955902e-01 -0.085416 1.169524e+02 0.000000 0 0.000000 1 
152 0.760688 -8.779412e-02 0.643153 -2.572570e+03 -0.647752 -3.841968e-02 0.760882 -4.613450e+02 -0.042091 -9.953977e-01 -0.086093 1.169685e+02 0.000000 0 0.000000 1 
153 0.763094 -9.154196e-02 0.639772 -2.571883e+03 -0.644649 -3.734601e-02 0.763566 -4.606030e+02 -0.046005 -9.951009e-01 -0.087510 1.169832e+02 0.000000 0 0.000000 1 
154 0.765664 -9.370887e-02 0.636379 -2.571201e+03 -0.641378 -3.596636e-02 0.766381 -4.598576e+02 -0.048928 -9.949500e-01 -0.087640 1.169978e+02 0.000000 0 0.000000 1 
155 0.768336 -9.462461e-02 0.633014 -2.570525e+03 -0.637958 -3.336550e-02 0.769348 -4.591134e+02 -0.051678 -9.949540e-01 -0.086002 1.170121e+02 0.000000 0 0.000000 1 
156 0.770742 -9.736206e-02 0.629665 -2.569851e+03 -0.634817 -3.287704e-02 0.771963 -4.583652e+02 -0.054458 -9.947061e-01 -0.087146 1.170219e+02 0.000000 0 0.000000 1 
157 0.773186 -9.698048e-02 0.626720 -2.569183e+03 -0.631976 -3.551999e-02 0.774173 -4.576083e+02 -0.052818 -9.946525e-01 -0.088752 1.170351e+02 0.000000 0 0.000000 1 
158 0.775174 -9.826285e-02 0.624059 -2.568521e+03 -0.629693 -4.056519e-02 0.775784 -4.568451e+02 -0.050915 -9.943336e-01 -0.093320 1.170430e+02 0.000000 0 0.000000 1 
159 0.777022 -9.752974e-02 0.621872 -2.567864e+03 -0.627466 -4.116573e-02 0.777555 -4.560901e+02 -0.050235 -9.943811e-01 -0.093183 1.170535e+02 0.000000 0 0.000000 1 
160 0.778966 -9.795647e-02 0.619368 -2.567212e+03 -0.625191 -4.498368e-02 0.779174 -4.553316e+02 -0.048463 -9.941738e-01 -0.096281 1.170562e+02 0.000000 0 0.000000 1 
161 0.780876 -9.688625e-02 0.617128 -2.566564e+03 -0.622948 -4.710774e-02 0.780844 -4.545743e+02 -0.046581 -9.941803e-01 -0.097140 1.170620e+02 0.000000 0 0.000000 1 
162 0.782908 -9.631816e-02 0.614637 -2.565918e+03 -0.620510 -4.945026e-02 0.782638 -4.538160e+02 -0.044988 -9.941217e-01 -0.098481 1.170632e+02 0.000000 0 0.000000 1 
163 0.784995 -9.349747e-02 0.612407 -2.565279e+03 -0.618077 -5.116623e-02 0.784451 -4.530517e+02 -0.042009 -9.943041e-01 -0.097953 1.170677e+02 0.000000 0 0.000000 1 
164 0.786634 -9.243286e-02 0.610462 -2.564638e+03 -0.616179 -5.485385e-02 0.785694 -4.522840e+02 -0.039137 -9.942071e-01 -0.100104 1.170666e+02 0.000000 0 0.000000 1 
165 0.787947 -9.151768e-02 0.608904 -2.563997e+03 -0.614704 -5.948305e-02 0.786512 -4.515157e+02 -0.035760 -9.940255e-01 -0.103125 1.170650e+02 0.000000 0 0.000000 1 
166 0.788681 -9.181083e-02 0.607909 -2.563355e+03 -0.613873 -6.323934e-02 0.786868 -4.507446e+02 -0.033799 -9.937666e-01 -0.106235 1.170617e+02 0.000000 0 0.000000 1 
167 0.789239 -9.161839e-02 0.607213 -2.562715e+03 -0.613242 -6.575051e-02 0.787154 -4.499796e+02 -0.032193 -9.936214e-01 -0.108076 1.170577e+02 0.000000 0 0.000000 1 
168 0.789529 -9.242329e-02 0.606714 -2.562073e+03 -0.612845 -6.614783e-02 0.787430 -4.492120e+02 -0.032644 -9.935204e-01 -0.108866 1.170512e+02 0.000000 0 0.000000 1 
169 0.789816 -9.264116e-02 0.606308 -2.561432e+03 -0.612428 -6.508602e-02 0.787842 -4.484490e+02 -0.033524 -9.935703e-01 -0.108141 1.170447e+02 0.000000 0 0.000000 1 
170 0.790180 -9.186124e-02 0.605952 -2.560790e+03 -0.611958 -6.417201e-02 0.788282 -4.476860e+02 -0.033527 -9.937021e-01 -0.106922 1.170393e+02 0.000000 0 0.000000 1 
171 0.790640 -9.085003e-02 0.605504 -2.560149e+03 -0.611362 -6.294698e-02 0.788843 -4.469205e+02 -0.033551 -9.938734e-01 -0.105310 1.170326e+02 0.000000 0 0.000000 1 
172 0.791097 -9.140788e-02 0.604823 -2.559504e+03 -0.610718 -6.225632e-02 0.789397 -4.461557e+02 -0.034503 -9.938658e-01 -0.105074 1.170249e+02 0.000000 0 0.000000 1 
173 0.791690 -9.064131e-02 0.604162 -2.558862e+03 -0.609995 -6.276466e-02 0.789916 -4.453864e+02 -0.033679 -9.939040e-01 -0.104980 1.170218e+02 0.000000 0 0.000000 1 
174 0.792039 -9.105712e-02 0.603642 -2.558218e+03 -0.609528 -6.300599e-02 0.790257 -4.446152e+02 -0.033925 -9.938507e-01 -0.105404 1.170156e+02 0.000000 0 0.000000 1 
175 0.792574 -9.184741e-02 0.602819 -2.557573e+03 -0.608834 -6.424397e-02 0.790692 -4.438408e+02 -0.033895 -9.936988e-01 -0.106837 1.170092e+02 0.000000 0 0.000000 1 
176 0.792878 -9.333128e-02 0.602191 -2.556927e+03 -0.608410 -6.549602e-02 0.790915 -4.430621e+02 -0.034376 -9.934787e-01 -0.108713 1.170028e+02 0.000000 0 0.000000 1 
177 0.793239 -9.288184e-02 0.601785 -2.556281e+03 -0.608006 -6.695942e-02 0.791103 -4.422808e+02 -0.033184 -9.934233e-01 -0.109587 1.169954e+02 0.000000 0 0.000000 1 
178 0.793198 -9.254213e-02 0.601891 -2.555637e+03 -0.608061 -6.653810e-02 0.791097 -4.414988e+02 -0.033161 -9.934833e-01 -0.109048 1.169855e+02 0.000000 0 0.000000 1 
179 0.793318 -9.173981e-02 0.601856 -2.554990e+03 -0.607932 -6.636926e-02 0.791210 -4.407161e+02 -0.032640 -9.935690e-01 -0.108423 1.169772e+02 0.000000 0 0.000000 1 
180 0.793472 -9.071050e-02 0.601809 -2.554337e+03 -0.607772 -6.631211e-02 0.791338 -4.399279e+02 -0.031875 -9.936673e-01 -0.107747 1.169693e+02 0.000000 0 0.000000 1 
181 0.793462 -9.063847e-02 0.601834 -2.553683e+03 -0.607788 -6.629125e-02 0.791327 -4.391355e+02 -0.031828 -9.936753e-01 -0.107688 1.169584e+02 0.000000 0 0.000000 1 
182 0.793495 -9.061260e-02 0.601794 -2.553027e+03 -0.607715 -6.536757e-02 0.791460 -4.383431e+02 -0.032378 -9.937388e-01 -0.106935 1.169519e+02 0.000000 0 0.000000 1 
183 0.793506 -9.144164e-02 0.601654 -2.552368e+03 -0.607643 -6.469190e-02 0.791571 -4.375511e+02 -0.033460 -9.937071e-01 -0.106896 1.169434e+02 0.000000 0 0.000000 1 
184 0.793380 -9.109275e-02 0.601873 -2.551708e+03 -0.607746 -6.239097e-02 0.791677 -4.367611e+02 -0.034564 -9.938863e-01 -0.104860 1.169397e+02 0.000000 0 0.000000 1 
185 0.793184 -9.088276e-02 0.602163 -2.551044e+03 -0.607948 -6.055509e-02 0.791664 -4.359690e+02 -0.035484 -9.940190e-01 -0.103283 1.169341e+02 0.000000 0 0.000000 1 
186 0.792961 -9.145825e-02 0.602370 -2.550378e+03 -0.608173 -5.940594e-02 0.791579 -4.351703e+02 -0.036612 -9.940356e-01 -0.102728 1.169298e+02 0.000000 0 0.000000 1 
187 0.792842 -9.331768e-02 0.602240 -2.549707e+03 -0.608295 -6.095980e-02 0.791367 -4.343681e+02 -0.037136 -9.937687e-01 -0.105095 1.169221e+02 0.000000 0 0.000000 1 
188 0.792911 -9.388898e-02 0.602061 -2.549040e+03 -0.608279 -6.372113e-02 0.791162 -4.335576e+02 -0.035917 -9.935416e-01 -0.107635 1.169176e+02 0.000000 0 0.000000 1 
189 0.792946 -9.423506e-02 0.601962 -2.548369e+03 -0.608310 -6.632681e-02 0.790923 -4.327454e+02 -0.034606 -9.933383e-01 -0.109917 1.169072e+02 0.000000 0 0.000000 1 
190 0.793131 -9.359778e-02 0.601817 -2.547697e+03 -0.608167 -6.845182e-02 0.790852 -4.319315e+02 -0.032826 -9.932544e-01 -0.111213 1.168958e+02 0.000000 0 0.000000 1 
191 0.793167 -9.183305e-02 0.602042 -2.547025e+03 -0.608218 -6.920542e-02 0.790747 -4.311165e+02 -0.030952 -9.933669e-01 -0.110745 1.168850e+02 0.000000 0 0.000000 1 
192 0.793325 -8.932797e-02 0.602209 -2.546352e+03 -0.608137 -7.015832e-02 0.790726 -4.302949e+02 -0.028384 -9.935285e-01 -0.109981 1.168737e+02 0.000000 0 0.000000 1 
193 0.793325 -8.802927e-02 0.602402 -2.545676e+03 -0.608163 -6.935133e-02 0.790777 -4.294751e+02 -0.027834 -9.937010e-01 -0.108553 1.168650e+02 0.000000 0 0.000000 1 
194 0.793466 -8.685562e-02 0.602386 -2.544999e+03 -0.608023 -6.944748e-02 0.790876 -4.286537e+02 -0.026858 -9.937976e-01 -0.107914 1.168549e+02 0.000000 0 0.000000 1 
195 0.793446 -8.663575e-02 0.602444 -2.544322e+03 -0.608040 -6.884728e-02 0.790915 -4.278357e+02 -0.027045 -9.938585e-01 -0.107304 1.168505e+02 0.000000 0 0.000000 1 
196 0.793780 -8.687419e-02 0.601970 -2.543641e+03 -0.607579 -6.832549e-02 0.791315 -4.270122e+02 -0.027615 -9.938737e-01 -0.107018 1.168424e+02 0.000000 0 0.000000 1 
197 0.794172 -8.802288e-02 0.601285 -2.542958e+03 -0.606982 -6.702335e-02 0.791884 -4.261906e+02 -0.029403 -9.938613e-01 -0.106656 1.168356e+02 0.000000 0 0.000000 1 
198 0.794664 -8.820474e-02 0.600607 -2.542274e+03 -0.606297 -6.607163e-02 0.792488 -4.253665e+02 -0.030218 -9.939089e-01 -0.105982 1.168299e+02 0.000000 0 0.000000 1 
199 0.795254 -8.854825e-02 0.599776 -2.541589e+03 -0.605501 -6.595085e-02 0.793107 -4.245353e+02 -0.030672 -9.938864e-01 -0.106063 1.168222e+02 0.000000 0 0.000000 1 
200 0.795660 -8.976212e-02 0.599057 -2.540902e+03 -0.604925 -6.630510e-02 0.793517 -4.237042e+02 -0.031507 -9.937539e-01 -0.107055 1.168151e+02 0.000000 0 0.000000 1 
201 0.796161 -8.998041e-02 0.598357 -2.540212e+03 -0.604283 -6.732359e-02 0.793921 -4.228677e+02 -0.031153 -9.936657e-01 -0.107973 1.168081e+02 0.000000 0 0.000000 1 
202 0.796505 -9.066668e-02 0.597796 -2.539522e+03 -0.603805 -6.755110e-02 0.794265 -4.220275e+02 -0.031631 -9.935879e-01 -0.108549 1.168017e+02 0.000000 0 0.000000 1 
203 0.796950 -9.137012e-02 0.597096 -2.538830e+03 -0.603157 -6.673423e-02 0.794826 -4.211840e+02 -0.032776 -9.935786e-01 -0.108293 1.167955e+02 0.000000 0 0.000000 1 
204 0.797416 -9.139312e-02 0.596469 -2.538132e+03 -0.602453 -6.432829e-02 0.795558 -4.203399e+02 -0.034338 -9.937352e-01 -0.106356 1.167882e+02 0.000000 0 0.000000 1 
205 0.797835 -9.100798e-02 0.595968 -2.537438e+03 -0.601863 -6.293359e-02 0.796116 -4.194952e+02 -0.034946 -9.938598e-01 -0.104984 1.167821e+02 0.000000 0 0.000000 1 
206 0.798015 -9.172202e-02 0.595617 -2.536740e+03 -0.601527 -6.125076e-02 0.796500 -4.186478e+02 -0.036574 -9.938993e-01 -0.104052 1.167746e+02 0.000000 0 0.000000 1 
207 0.798112 -9.240645e-02 0.595382 -2.536044e+03 -0.601349 -6.086065e-02 0.796665 -4.177989e+02 -0.037381 -9.938599e-01 -0.104141 1.167703e+02 0.000000 0 0.000000 1 
208 0.798221 -9.288057e-02 0.595162 -2.535348e+03 -0.601215 -6.180591e-02 0.796693 -4.169442e+02 -0.037213 -9.937574e-01 -0.105175 1.167639e+02 0.000000 0 0.000000 1 
209 0.798162 -9.423340e-02 0.595027 -2.534651e+03 -0.601220 -6.169756e-02 0.796698 -4.160921e+02 -0.038364 -9.936367e-01 -0.105899 1.167580e+02 0.000000 0 0.000000 1 
210 0.798203 -9.384259e-02 0.595034 -2.533953e+03 -0.601214 -6.245306e-02 0.796643 -4.152380e+02 -0.037597 -9.936265e-01 -0.106269 1.167522e+02 0.000000 0 0.000000 1 
211 0.798177 -9.283171e-02 0.595229 -2.533255e+03 -0.601360 -6.408060e-02 0.796404 -4.143804e+02 -0.035789 -9.936178e-01 -0.106972 1.167453e+02 0.000000 0 0.000000 1 
212 0.798141 -9.055966e-02 0.595626 -2.532553e+03 -0.601542 -6.489390e-02 0.796201 -4.135220e+02 -0.033451 -9.937747e-01 -0.106269 1.167405e+02 0.000000 0 0.000000 1 
213 0.797859 -8.913225e-02 0.596219 -2.531852e+03 -0.602053 -6.713827e-02 0.795628 -4.126620e+02 -0.030887 -9.937547e-01 -0.107228 1.167327e+02 0.000000 0 0.000000 1 
214 0.797505 -8.771010e-02 0.596904 -2.531148e+03 -0.602565 -6.652451e-02 0.795292 -4.118005e+02 -0.030046 -9.939225e-01 -0.105904 1.167236e+02 0.000000 0 0.000000 1 
215 0.797331 -8.425984e-02 0.597632 -2.530446e+03 -0.602943 -6.707842e-02 0.794959 -4.109339e+02 -0.026895 -9.941837e-01 -0.104287 1.167165e+02 0.000000 0 0.000000 1 
216 0.797190 -8.301535e-02 0.597994 -2.529736e+03 -0.603137 -6.565448e-02 0.794931 -4.100741e+02 -0.026730 -9.943834e-01 -0.102408 1.167149e+02 0.000000 0 0.000000 1 
217 0.797197 -8.249867e-02 0.598057 -2.529028e+03 -0.603141 -6.541920e-02 0.794948 -4.092072e+02 -0.026457 -9.944419e-01 -0.101909 1.167110e+02 0.000000 0 0.000000 1 
218 0.797051 -8.296373e-02 0.598186 -2.528313e+03 -0.603333 -6.601879e-02 0.794752 -4.083386e+02 -0.026444 -9.943636e-01 -0.102674 1.167102e+02 0.000000 0 0.000000 1 
219 0.797002 -8.370376e-02 0.598149 -2.527598e+03 -0.603451 -6.900393e-02 0.794409 -4.074599e+02 -0.025220 -9.940989e-01 -0.105507 1.167063e+02 0.000000 0 0.000000 1 
220 0.797050 -8.532390e-02 0.597856 -2.526878e+03 -0.603361 -7.012642e-02 0.794379 -4.065857e+02 -0.025854 -9.938826e-01 -0.107375 1.167031e+02 0.000000 0 0.000000 1 
221 0.797290 -8.537252e-02 0.597530 -2.526161e+03 -0.603040 -7.010937e-02 0.794624 -4.057096e+02 -0.025946 -9.938796e-01 -0.107380 1.166974e+02 0.000000 0 0.000000 1 
222 0.797609 -8.386700e-02 0.597317 -2.525445e+03 -0.602640 -6.906240e-02 0.795019 -4.048321e+02 -0.025423 -9.940811e-01 -0.105626 1.166919e+02 0.000000 0 0.000000 1 
223 0.797792 -8.399305e-02 0.597054 -2.524723e+03 -0.602331 -6.677400e-02 0.795449 -4.039536e+02 -0.026944 -9.942268e-01 -0.103863 1.166842e+02 0.000000 0 0.000000 1 
224 0.798011 -8.319267e-02 0.596874 -2.524003e+03 -0.602039 -6.566209e-02 0.795762 -4.030678e+02 -0.027009 -9.943681e-01 -0.102483 1.166799e+02 0.000000 0 0.000000 1 
225 0.798287 -8.218299e-02 0.596645 -2.523284e+03 -0.601661 -6.394675e-02 0.796188 -4.021851e+02 -0.027279 -9.945638e-01 -0.100493 1.166812e+02 0.000000 0 0.000000 1 
226 0.798367 -8.644311e-02 0.595935 -2.522557e+03 -0.601348 -6.268729e-02 0.796524 -4.013012e+02 -0.031496 -9.942828e-01 -0.102029 1.166724e+02 0.000000 0 0.000000 1 
227 0.798758 -8.822599e-02 0.595149 -2.521830e+03 -0.600881 -6.687364e-02 0.796536 -4.004062e+02 -0.030475 -9.938534e-01 -0.106428 1.166669e+02 0.000000 0 0.000000 1 
228 0.798891 -9.141397e-02 0.594489 -2.521104e+03 -0.600617 -6.842298e-02 0.796604 -3.995170e+02 -0.032144 -9.934597e-01 -0.109566 1.166563e+02 0.000000 0 0.000000 1 
229 0.799335 -8.982732e-02 0.594134 -2.520380e+03 -0.600089 -6.844548e-02 0.796999 -3.986273e+02 -0.030926 -9.936029e-01 -0.108615 1.166458e+02 0.000000 0 0.000000 1 
230 0.799465 -8.634144e-02 0.594476 -2.519660e+03 -0.600036 -6.776908e-02 0.797097 -3.977349e+02 -0.028535 -9.939582e-01 -0.105986 1.166381e+02 0.000000 0 0.000000 1 
231 0.799597 -8.446410e-02 0.594568 -2.518937e+03 -0.599894 -6.648575e-02 0.797312 -3.968416e+02 -0.027814 -9.942062e-01 -0.103830 1.166306e+02 0.000000 0 0.000000 1 
232 0.799867 -8.351155e-02 0.594339 -2.518211e+03 -0.599592 -6.743782e-02 0.797460 -3.959445e+02 -0.026516 -9.942225e-01 -0.104013 1.166243e+02 0.000000 0 0.000000 1 
233 0.800120 -8.402910e-02 0.593925 -2.517484e+03 -0.599291 -6.961106e-02 0.797499 -3.950430e+02 -0.025669 -9.940291e-01 -0.106054 1.166161e+02 0.000000 0 0.000000 1 
234 0.800547 -8.253186e-02 0.593560 -2.516757e+03 -0.598785 -7.027103e-02 0.797821 -3.941416e+02 -0.024135 -9.941081e-01 -0.105673 1.166122e+02 0.000000 0 0.000000 1 
235 0.800797 -7.940111e-02 0.593650 -2.516034e+03 -0.598514 -6.884531e-02 0.798149 -3.932427e+02 -0.022504 -9.944628e-01 -0.102653 1.166081e+02 0.000000 0 0.000000 1 
236 0.801057 -7.654941e-02 0.593674 -2.515312e+03 -0.598202 -6.671599e-02 0.798563 -3.923422e+02 -0.021522 -9.948315e-01 -0.099235 1.166067e+02 0.000000 0 0.000000 1 
237 0.801290 -7.613717e-02 0.593412 -2.514587e+03 -0.597897 -6.658036e-02 0.798803 -3.914372e+02 -0.021309 -9.948722e-01 -0.098872 1.166055e+02 0.000000 0 0.000000 1 
238 0.801639 -8.013266e-02 0.592414 -2.513852e+03 -0.597368 -6.931911e-02 0.798966 -3.905321e+02 -0.022957 -9.943712e-01 -0.103437 1.166030e+02 0.000000 0 0.000000 1 
239 0.802138 -8.364548e-02 0.591252 -2.513116e+03 -0.596664 -7.277519e-02 0.799184 -3.896190e+02 -0.023819 -9.938348e-01 -0.108283 1.165929e+02 0.000000 0 0.000000 1 
240 0.802381 -8.533625e-02 0.590680 -2.512384e+03 -0.596302 -7.368319e-02 0.799372 -3.887125e+02 -0.024692 -9.936242e-01 -0.110007 1.165851e+02 0.000000 0 0.000000 1 
241 0.802839 -8.329944e-02 0.590348 -2.511653e+03 -0.595743 -7.347648e-02 0.799807 -3.878024e+02 -0.023247 -9.938123e-01 -0.108614 1.165754e+02 0.000000 0 0.000000 1 
242 0.803162 -8.098029e-02 0.590232 -2.510926e+03 -0.595341 -7.185117e-02 0.800254 -3.868929e+02 -0.022396 -9.941228e-01 -0.105918 1.165680e+02 0.000000 0 0.000000 1 
243 0.803452 -7.994828e-02 0.589977 -2.510193e+03 -0.594914 -6.901423e-02 0.800821 -3.859813e+02 -0.023307 -9.944072e-01 -0.103011 1.165622e+02 0.000000 0 0.000000 1 
244 0.803905 -8.031535e-02 0.589310 -2.509458e+03 -0.594268 -6.822927e-02 0.801368 -3.850623e+02 -0.024154 -9.944318e-01 -0.102578 1.165568e+02 0.000000 0 0.000000 1 
245 0.804293 -8.264580e-02 0.588458 -2.508717e+03 -0.593628 -6.703701e-02 0.801943 -3.841433e+02 -0.026828 -9.943220e-01 -0.102977 1.165530e+02 0.000000 0 0.000000 1 
246 0.804822 -8.455801e-02 0.587463 -2.507971e+03 -0.592857 -6.785319e-02 0.802444 -3.832191e+02 -0.027992 -9.941058e-01 -0.104740 1.165509e+02 0.000000 0 0.000000 1 
247 0.805104 -8.501636e-02 0.587010 -2.507232e+03 -0.592491 -6.919614e-02 0.802599 -3.822883e+02 -0.027615 -9.939741e-01 -0.106081 1.165455e+02 0.000000 0 0.000000 1 
248 0.805095 -8.519197e-02 0.586997 -2.506492e+03 -0.592493 -6.901521e-02 0.802614 -3.813590e+02 -0.027864 -9.939717e-01 -0.106039 1.165410e+02 0.000000 0 0.000000 1 
249 0.805158 -8.381584e-02 0.587108 -2.505755e+03 -0.592408 -6.722569e-02 0.802828 -3.804318e+02 -0.027821 -9.942113e-01 -0.103780 1.165376e+02 0.000000 0 0.000000 1 
250 0.804993 -8.335443e-02 0.587400 -2.505012e+03 -0.592590 -6.503135e-02 0.802875 -3.794990e+02 -0.028723 -9.943960e-01 -0.101744 1.165337e+02 0.000000 0 0.000000 1 
251 0.804777 -8.255853e-02 0.587809 -2.504267e+03 -0.592883 -6.387144e-02 0.802752 -3.785607e+02 -0.028730 -9.945376e-01 -0.100349 1.165327e+02 0.000000 0 0.000000 1 
252 0.804434 -8.441797e-02 0.588013 -2.503513e+03 -0.593268 -6.363064e-02 0.802486 -3.776268e+02 -0.030328 -9.943969e-01 -0.101268 1.165283e+02 0.000000 0 0.000000 1 
253 0.804002 -8.632495e-02 0.588327 -2.502761e+03 -0.593851 -6.605903e-02 0.801858 -3.766840e+02 -0.030356 -9.940748e-01 -0.104375 1.165235e+02 0.000000 0 0.000000 1 
254 0.803620 -8.641283e-02 0.588837 -2.502008e+03 -0.594420 -6.775966e-02 0.801295 -3.757413e+02 -0.029342 -9.939527e-01 -0.105818 1.165190e+02 0.000000 0 0.000000 1 
255 0.803150 -8.553665e-02 0.589605 -2.501253e+03 -0.595048 -6.620986e-02 0.800958 -3.748008e+02 -0.029473 -9.941329e-01 -0.104074 1.165162e+02 0.000000 0 0.000000 1 
256 0.802762 -8.436998e-02 0.590301 -2.500499e+03 -0.595577 -6.470090e-02 0.800689 -3.738597e+02 -0.029361 -9.943319e-01 -0.102187 1.165102e+02 0.000000 0 0.000000 1 
257 0.802342 -8.327614e-02 0.591027 -2.499743e+03 -0.596152 -6.342113e-02 0.800362 -3.729146e+02 -0.029167 -9.945066e-01 -0.100530 1.165097e+02 0.000000 0 0.000000 1 
258 0.801927 -8.225063e-02 0.591733 -2.498983e+03 -0.596764 -6.380118e-02 0.799876 -3.719650e+02 -0.028037 -9.945676e-01 -0.100247 1.165080e+02 0.000000 0 0.000000 1 
259 0.801619 -8.057056e-02 0.592382 -2.498224e+03 -0.597301 -6.601113e-02 0.799296 -3.710138e+02 -0.025296 -9.945609e-01 -0.101040 1.165074e+02 0.000000 0 0.000000 1 
260 0.801218 -8.036378e-02 0.592952 -2.497458e+03 -0.597922 -6.905274e-02 0.798574 -3.700591e+02 -0.023231 -9.943711e-01 -0.103377 1.165039e+02 0.000000 0 0.000000 1 
261 0.800665 -8.002564e-02 0.593744 -2.496692e+03 -0.598727 -7.129935e-02 0.797774 -3.691052e+02 -0.021509 -9.942398e-01 -0.105000 1.164994e+02 0.000000 0 0.000000 1 
262 0.800350 -8.026539e-02 0.594136 -2.495924e+03 -0.599190 -7.358116e-02 0.797218 -3.681519e+02 -0.020272 -9.940542e-01 -0.106984 1.164906e+02 0.000000 0 0.000000 1 
263 0.799978 -8.142144e-02 0.594480 -2.495153e+03 -0.599644 -7.293295e-02 0.796936 -3.672009e+02 -0.021530 -9.940079e-01 -0.107168 1.164855e+02 0.000000 0 0.000000 1 
264 0.799766 -8.180198e-02 0.594713 -2.494378e+03 -0.599927 -7.340118e-02 0.796680 -3.662449e+02 -0.021517 -9.939422e-01 -0.107778 1.164767e+02 0.000000 0 0.000000 1 
265 0.799473 -8.240812e-02 0.595023 -2.493602e+03 -0.600276 -7.226937e-02 0.796521 -3.652913e+02 -0.022638 -9.939751e-01 -0.107244 1.164705e+02 0.000000 0 0.000000 1 
266 0.799031 -8.257643e-02 0.595594 -2.492830e+03 -0.600849 -7.168135e-02 0.796142 -3.643409e+02 -0.023049 -9.940037e-01 -0.106891 1.164611e+02 0.000000 0 0.000000 1 
267 0.798687 -8.047470e-02 0.596342 -2.492055e+03 -0.601287 -6.798384e-02 0.796136 -3.633896e+02 -0.023527 -9.944358e-01 -0.102685 1.164584e+02 0.000000 0 0.000000 1 
268 0.798515 -7.938483e-02 0.596718 -2.491279e+03 -0.601493 -6.555209e-02 0.796184 -3.624362e+02 -0.024089 -9.946866e-01 -0.100093 1.164557e+02 0.000000 0 0.000000 1 
269 0.798409 -7.962786e-02 0.596828 -2.490494e+03 -0.601605 -6.463539e-02 0.796174 -3.614789e+02 -0.024821 -9.947272e-01 -0.099509 1.164560e+02 0.000000 0 0.000000 1 
270 0.798277 -8.074522e-02 0.596854 -2.489712e+03 -0.601823 -6.785147e-02 0.795742 -3.605139e+02 -0.023755 -9.944229e-01 -0.102758 1.164504e+02 0.000000 0 0.000000 1 
271 0.797897 -8.021954e-02 0.597433 -2.488929e+03 -0.602370 -6.889633e-02 0.795238 -3.595477e+02 -0.022632 -9.943936e-01 -0.103293 1.164479e+02 0.000000 0 0.000000 1 
272 0.797488 -7.803641e-02 0.598267 -2.488147e+03 -0.602941 -6.724011e-02 0.794947 -3.585873e+02 -0.021807 -9.946806e-01 -0.100674 1.164462e+02 0.000000 0 0.000000 1 
273 0.797154 -7.744571e-02 0.598789 -2.487362e+03 -0.603380 -6.624815e-02 0.794697 -3.576244e+02 -0.021877 -9.947933e-01 -0.099538 1.164445e+02 0.000000 0 0.000000 1 
274 0.796776 -8.107978e-02 0.598811 -2.486567e+03 -0.603790 -6.708188e-02 0.794316 -3.566572e+02 -0.024233 -9.944479e-01 -0.102404 1.164421e+02 0.000000 0 0.000000 1 
275 0.796774 -8.441749e-02 0.598353 -2.485768e+03 -0.603794 -7.154905e-02 0.793923 -3.556844e+02 -0.024209 -9.938586e-01 -0.107978 1.164322e+02 0.000000 0 0.000000 1 
276 0.796609 -8.413280e-02 0.598612 -2.484975e+03 -0.604014 -7.127170e-02 0.793780 -3.547135e+02 -0.024119 -9.939027e-01 -0.107592 1.164244e+02 0.000000 0 0.000000 1 
277 0.796271 -8.240335e-02 0.599301 -2.484184e+03 -0.604460 -6.892454e-02 0.793648 -3.537481e+02 -0.024092 -9.942130e-01 -0.104691 1.164168e+02 0.000000 0 0.000000 1 
278 0.796040 -7.934378e-02 0.600022 -2.483392e+03 -0.604777 -6.526727e-02 0.793716 -3.527798e+02 -0.023814 -9.947086e-01 -0.099940 1.164146e+02 0.000000 0 0.000000 1 
279 0.796038 -7.707065e-02 0.600320 -2.482599e+03 -0.604827 -6.434281e-02 0.793753 -3.518116e+02 -0.022548 -9.949475e-01 -0.097833 1.164133e+02 0.000000 0 0.000000 1 
280 0.795731 -7.993437e-02 0.600352 -2.481799e+03 -0.605124 -6.360907e-02 0.793586 -3.508444e+02 -0.025247 -9.947687e-01 -0.098985 1.164173e+02 0.000000 0 0.000000 1 
281 0.795621 -8.260953e-02 0.600136 -2.480998e+03 -0.605276 -6.738049e-02 0.793159 -3.498692e+02 -0.025085 -9.943018e-01 -0.103610 1.164145e+02 0.000000 0 0.000000 1 
282 0.795356 -8.427225e-02 0.600256 -2.480196e+03 -0.605585 -6.799285e-02 0.792870 -3.488947e+02 -0.026004 -9.941205e-01 -0.105112 1.164096e+02 0.000000 0 0.000000 1 
283 0.795301 -8.452541e-02 0.600294 -2.479392e+03 -0.605574 -6.521811e-02 0.793112 -3.479273e+02 -0.027888 -9.942849e-01 -0.103054 1.164019e+02 0.000000 0 0.000000 1 
284 0.795163 -8.396463e-02 0.600555 -2.478587e+03 -0.605668 -6.143284e-02 0.793343 -3.469554e+02 -0.029719 -9.945735e-01 -0.099703 1.164017e+02 0.000000 0 0.000000 1 
285 0.795225 -8.413089e-02 0.600449 -2.477779e+03 -0.605549 -6.043009e-02 0.793510 -3.459785e+02 -0.030473 -9.946209e-01 -0.099000 1.164027e+02 0.000000 0 0.000000 1 
286 0.795256 -8.601683e-02 0.600142 -2.476970e+03 -0.605440 -6.073135e-02 0.793570 -3.450008e+02 -0.031813 -9.944412e-01 -0.100374 1.164049e+02 0.000000 0 0.000000 1 
287 0.795467 -8.827887e-02 0.599533 -2.476158e+03 -0.605156 -6.358683e-02 0.793564 -3.440202e+02 -0.031932 -9.940644e-01 -0.104003 1.164012e+02 0.000000 0 0.000000 1 
288 0.795485 -8.941026e-02 0.599342 -2.475353e+03 -0.605168 -6.619943e-02 0.793340 -3.430343e+02 -0.031256 -9.937927e-01 -0.106768 1.163960e+02 0.000000 0 0.000000 1 
289 0.795605 -8.846215e-02 0.599322 -2.474550e+03 -0.605103 -6.804191e-02 0.793235 -3.420493e+02 -0.029392 -9.937531e-01 -0.107662 1.163887e+02 0.000000 0 0.000000 1 
290 0.795760 -8.597080e-02 0.599479 -2.473753e+03 -0.604991 -6.800997e-02 0.793322 -3.410723e+02 -0.027432 -9.939739e-01 -0.106130 1.163829e+02 0.000000 0 0.000000 1 
291 0.796003 -8.332734e-02 0.599530 -2.472958e+03 -0.604729 -6.670265e-02 0.793633 -3.400984e+02 -0.026141 -9.942876e-01 -0.103485 1.163781e+02 0.000000 0 0.000000 1 
292 0.796157 -8.287303e-02 0.599389 -2.472164e+03 -0.604516 -6.575080e-02 0.793875 -3.391291e+02 -0.026380 -9.943889e-01 -0.102445 1.163759e+02 0.000000 0 0.000000 1 
293 0.796531 -8.428493e-02 0.598695 -2.471362e+03 -0.603996 -6.672440e-02 0.794189 -3.381519e+02 -0.026990 -9.942054e-01 -0.104055 1.163726e+02 0.000000 0 0.000000 1 
294 0.796991 -8.526455e-02 0.597943 -2.470559e+03 -0.603348 -6.668142e-02 0.794685 -3.371770e+02 -0.027886 -9.941247e-01 -0.104588 1.163679e+02 0.000000 0 0.000000 1 
295 0.797356 -8.554029e-02 0.597416 -2.469756e+03 -0.602845 -6.646463e-02 0.795085 -3.362031e+02 -0.028304 -9.941156e-01 -0.104563 1.163615e+02 0.000000 0 0.000000 1 
296 0.797705 -8.504883e-02 0.597022 -2.468953e+03 -0.602412 -6.687211e-02 0.795379 -3.352186e+02 -0.027722 -9.941304e-01 -0.104578 1.163563e+02 0.000000 0 0.000000 1 
297 0.797925 -8.539755e-02 0.596677 -2.468149e+03 -0.602138 -6.807808e-02 0.795484 -3.342319e+02 -0.027312 -9.940187e-01 -0.105742 1.163508e+02 0.000000 0 0.000000 1 
298 0.798392 -8.292361e-02 0.596401 -2.467350e+03 -0.601661 -7.040479e-02 0.795643 -3.332430e+02 -0.023988 -9.940660e-01 -0.106102 1.163430e+02 0.000000 0 0.000000 1 
299 0.798604 -8.023649e-02 0.596485 -2.466549e+03 -0.601440 -6.949102e-02 0.795890 -3.322494e+02 -0.022409 -9.943508e-01 -0.103752 1.163401e+02 0.000000 0 0.000000 1 
300 0.798876 -7.806819e-02 0.596408 -2.465744e+03 -0.601180 -7.149643e-02 0.795909 -3.312507e+02 -0.019494 -9.943813e-01 -0.104049 1.163340e+02 0.000000 0 0.000000 1 
301 0.798950 -7.556915e-02 0.596631 -2.464935e+03 -0.601077 -6.791723e-02 0.796300 -3.302446e+02 -0.019654 -9.948251e-01 -0.099685 1.163351e+02 0.000000 0 0.000000 1 
302 0.799354 -7.283003e-02 0.596431 -2.464127e+03 -0.600591 -6.705374e-02 0.796740 -3.292459e+02 -0.018033 -9.950880e-01 -0.097340 1.163357e+02 0.000000 0 0.000000 1 
303 0.799126 -7.617937e-02 0.596319 -2.463309e+03 -0.600736 -6.372531e-02 0.796904 -3.282496e+02 -0.022707 -9.950559e-01 -0.096687 1.163408e+02 0.000000 0 0.000000 1 
304 0.798998 -8.165282e-02 0.595764 -2.462485e+03 -0.600809 -6.699859e-02 0.796580 -3.272413e+02 -0.025127 -9.944066e-01 -0.102589 1.163393e+02 0.000000 0 0.000000 1 
305 0.798825 -8.632663e-02 0.595338 -2.461660e+03 -0.600869 -6.692938e-02 0.796541 -3.262370e+02 -0.028917 -9.940164e-01 -0.105335 1.163394e+02 0.000000 0 0.000000 1 
306 0.798698 -8.478953e-02 0.595729 -2.460844e+03 -0.601032 -6.463452e-02 0.796607 -3.252368e+02 -0.029039 -9.943005e-01 -0.102584 1.163343e+02 0.000000 0 0.000000 1 
307 0.798260 -8.261394e-02 0.596620 -2.460031e+03 -0.601666 -6.347271e-02 0.796222 -3.242320e+02 -0.027910 -9.945585e-01 -0.100373 1.163297e+02 0.000000 0 0.000000 1 
308 0.798054 -8.245611e-02 0.596919 -2.459212e+03 -0.602006 -6.558814e-02 0.795794 -3.232232e+02 -0.026467 -9.944343e-01 -0.101981 1.163260e+02 0.000000 0 0.000000 1 
309 0.797827 -8.501818e-02 0.596863 -2.458384e+03 -0.602286 -6.816545e-02 0.795365 -3.222093e+02 -0.026935 -9.940452e-01 -0.105589 1.163190e+02 0.000000 0 0.000000 1 
310 0.797847 -8.594321e-02 0.596703 -2.457558e+03 -0.602273 -6.995696e-02 0.795219 -3.211941e+02 -0.026600 -9.938412e-01 -0.107575 1.163117e+02 0.000000 0 0.000000 1 
311 0.797773 -8.470396e-02 0.596980 -2.456731e+03 -0.602387 -6.883697e-02 0.795230 -3.201782e+02 -0.026265 -9.940257e-01 -0.105940 1.163012e+02 0.000000 0 0.000000 1 
312 0.797650 -8.212485e-02 0.597504 -2.455906e+03 -0.602593 -6.703416e-02 0.795228 -3.191657e+02 -0.025255 -9.943653e-01 -0.102957 1.162934e+02 0.000000 0 0.000000 1 
313 0.797652 -8.102938e-02 0.597651 -2.455074e+03 -0.602587 -6.545099e-02 0.795365 -3.181526e+02 -0.025331 -9.945606e-01 -0.101034 1.162932e+02 0.000000 0 0.000000 1 
314 0.797780 -8.179566e-02 0.597375 -2.454243e+03 -0.602398 -6.576277e-02 0.795482 -3.171347e+02 -0.025782 -9.944773e-01 -0.101737 1.162895e+02 0.000000 0 0.000000 1 
315 0.798057 -8.256939e-02 0.596899 -2.453406e+03 -0.602010 -6.603356e-02 0.795754 -3.161141e+02 -0.026289 -9.943955e-01 -0.102405 1.162893e+02 0.000000 0 0.000000 1 
316 0.798175 -8.249656e-02 0.596751 -2.452576e+03 -0.601847 -6.576090e-02 0.795899 -3.150951e+02 -0.026416 -9.944196e-01 -0.102138 1.162903e+02 0.000000 0 0.000000 1 
317 0.798316 -8.121209e-02 0.596738 -2.451744e+03 -0.601698 -6.552858e-02 0.796031 -3.140717e+02 -0.025544 -9.945406e-01 -0.101177 1.162896e+02 0.000000 0 0.000000 1 
318 0.798354 -8.161773e-02 0.596632 -2.450910e+03 -0.601643 -6.594488e-02 0.796038 -3.130503e+02 -0.025626 -9.944799e-01 -0.101751 1.162876e+02 0.000000 0 0.000000 1 
319 0.798753 -8.311308e-02 0.595891 -2.450071e+03 -0.601104 -6.766727e-02 0.796301 -3.120293e+02 -0.025860 -9.942403e-01 -0.104008 1.162831e+02 0.000000 0 0.000000 1 
320 0.799229 -8.391791e-02 0.595140 -2.449235e+03 -0.600460 -6.847466e-02 0.796717 -3.110059e+02 -0.026107 -9.941174e-01 -0.105115 1.162805e+02 0.000000 0 0.000000 1 
321 0.799539 -8.395420e-02 0.594718 -2.448403e+03 -0.600018 -6.751577e-02 0.797132 -3.099872e+02 -0.026769 -9.941800e-01 -0.104355 1.162751e+02 0.000000 0 0.000000 1 
322 0.799751 -8.308727e-02 0.594554 -2.447575e+03 -0.599690 -6.476328e-02 0.797608 -3.089680e+02 -0.027765 -9.944359e-01 -0.101620 1.162765e+02 0.000000 0 0.000000 1 
323 0.799842 -8.222869e-02 0.594552 -2.446743e+03 -0.599528 -6.218527e-02 0.797934 -3.079518e+02 -0.028640 -9.946718e-01 -0.099036 1.162733e+02 0.000000 0 0.000000 1 
