1 -0.8053130884 0.5924120221 -0.0227777455 -2583.108299 0.5927545064 0.8052778776 -0.0130243985 -496.3353324 0.0106266043 -0.0239903299 -0.9996557104 115.7381402
80 -0.8095943975 0.5863872813 -0.0265869866 -2583.27127 0.5867851783 0.8096772872 -0.0102881044 -496.2125575 0.0154940656 -0.0239300414 -0.9995935609 115.7301096
83 -0.8147755828 0.579052931 -0.0289560481 -2583.45603 0.5794205752 0.8150089269 -0.0056785684 -496.082079 0.0203112461 -0.0214044889 -0.9995645558 115.7251165
85 -0.8193647103 0.5726840978 -0.0259691271 -2583.65559 0.5729187906 0.8196096935 -0.0020024142 -495.9482997 0.0201377975 -0.0165189084 -0.9996607398 115.7259368
87 -0.82438918 0.5655987841 -0.0219202016 -2583.914829 0.565754022 0.8245733482 -0.0010862644 -495.7718289 0.0174604242 -0.0132969468 -0.9997591334 115.7300122
89 -0.8261432575 0.5631685508 -0.0181246089 -2584.236219 0.5632483682 0.826287225 0.0008351825 -495.5576786 0.0154464813 -0.009518676 -0.999835387 115.7330164
90 -0.8254544579 0.5642444941 -0.0159087671 -2584.419048 0.5643016364 0.8255680072 0.0010623831 -495.4351144 0.013733213 -0.0081003945 -0.9998728832 115.736772
91 -0.8235502637 0.5670972433 -0.0128716689 -2584.617099 0.5671390649 0.8236219096 0.0004807408 -495.3021725 0.0108740153 -0.0069041121 -0.9999170411 115.742149
92 -0.8206817974 0.5712857259 -0.0106773928 -2584.827544 0.5713213676 0.8207263667 -0.0003548276 -495.1577178 0.0085605099 -0.0063914232 -0.9999429321 115.7457399
93 -0.8162223438 0.5776736043 -0.0086193046 -2585.051611 0.5776919501 0.816254753 0.000434806 -495.00448 0.0072867243 -0.0046244045 -0.9999627586 115.7484752
94 -0.8100318512 0.58634893 -0.0065827298 -2585.289507 0.5863503785 0.8100552974 0.0019102077 -494.8426634 0.0064524233 -0.002312457 -0.9999765091 115.7512006
95 -0.8030407897 0.5959064123 -0.0045867159 -2585.538407 0.595891658 0.8030536023 0.0042477881 -494.6698623 0.0062146629 0.0006779614 -0.999980459 115.7535468
96 -0.7948487726 0.6067921335 -0.0043284334 -2585.7963 0.6067624918 0.7948564496 0.0065194398 -494.4832818 0.007396428 0.0025556377 -0.9999693803 115.7559845
97 -0.7849299535 0.6195617919 -0.0053060463 -2586.062528 0.6195014301 0.7849361603 0.0096541337 -494.2827243 0.01014624 0.0042907154 -0.9999393199 115.7556172
98 -0.7730599106 0.6342945253 -0.0069878293 -2586.338978 0.6342003411 0.7730766179 0.0119360875 -494.065988 0.0129731224 0.004795627 -0.9999043455 115.7538752
99 -0.7585824337 0.6515040575 -0.0097547032 -2586.624382 0.6513657411 0.7586326726 0.0141116743 -493.831564 0.0165940496 0.0043509887 -0.9998528424 115.7528471
100 -0.7403746235 0.6720843038 -0.0121698605 -2586.920229 0.6718308633 0.740448259 0.0194850422 -493.5806088 0.022106743 0.0062501429 -0.999736079 115.7505558
101 -0.717802671 0.6960933722 -0.0146062551 -2587.22679 0.6956952858 0.7179111289 0.0247321724 -493.3118048 0.0277018944 0.0075913166 -0.9995874034 115.7530344
102 -0.6915592861 0.7221210803 -0.0169381005 -2587.533367 0.721584704 0.6917232089 0.0288880124 -493.0172829 0.03257712 0.007755499 -0.9994391345 115.7533644
103 -0.6623118822 0.7489570179 -0.0201582745 -2587.839097 0.7483870012 0.6626033667 0.0295579911 -492.6958704 0.0354946054 0.0044904181 -0.9993597796 115.7614149
104 -0.6306001364 0.7757701546 -0.0228939987 -2588.142525 0.7752330386 0.6310154199 0.0288665156 -492.351142 0.0368402475 0.0004550445 -0.9993210641 115.7751763
105 -0.5963746706 0.8023418429 -0.0241830368 -2588.438468 0.8018004859 0.596862117 0.0295227726 -491.9828434 0.0381212943 -0.0017833369 -0.999271528 115.7843598
106 -0.5583827743 0.8293122933 -0.0212084306 -2588.732055 0.8288034415 0.5587837883 0.0290780566 -491.593149 0.035965717 -0.0013409344 -0.9993521247 115.798322
107 -0.5173557171 0.8556150447 -0.0163081966 -2589.015017 0.8552040601 0.5176126383 0.0265173954 -491.1778428 0.0311300111 -0.0002279098 -0.9995153178 115.8128869
108 -0.4740752052 0.8803962826 -0.012453325 -2589.280152 0.8801210368 0.4742384562 0.0220192463 -490.7374003 0.0252915082 -0.0005216546 -0.9996799825 115.8291499
109 -0.4286716329 0.903407452 -0.0097778742 -2589.526575 0.9032444491 0.4287806843 0.0172217898 -490.2736968 0.0197508568 -0.0014493178 -0.9998038823 115.8447684
110 -0.3805640273 0.9247356623 -0.0059140585 -2589.75672 0.9246213884 0.3806099721 0.0145374426 -489.7899397 0.0156942412 6.41628e-05 -0.9998768358 115.8586626
111 -0.3298880496 0.9440186208 -0.0016487493 -2589.968094 0.9439067937 0.3298750197 0.0149142974 -489.2861075 0.0146232556 0.0033637828 -0.9998874163 115.8663056
112 -0.2775226972 0.9607176396 0.0016642038 -2590.155764 0.9605948594 0.2774585415 0.0165612125 -488.7645449 0.0154489014 0.006194738 -0.9998614687 115.8701466
113 -0.2236979122 0.9746464494 0.0048520875 -2590.316171 0.9744968573 0.2235673657 0.0193263577 -488.2252058 0.0177515975 0.0090516099 -0.9998014549 115.8766828
114 -0.1685360446 0.9856794485 0.0056237393 -2590.445528 0.985473394 0.1683742195 0.0221881015 -487.6702173 0.0209234629 0.0092815403 -0.9997379965 115.8782865
115 -0.1129618315 0.9935873779 0.0048731068 -2590.540387 0.9933362033 0.1128176946 0.0235659702 -487.1009936 0.0228650779 0.0075026885 -0.999710407 115.8824605
116 -0.057088576 0.998352437 0.005771143 -2590.603827 0.9980980959 0.0569374421 0.0236287671 -486.5138319 0.0232612431 0.0071090995 -0.9997041439 115.8893053
117 -0.0003859714 0.9999578834 0.009169649 -2590.639763 0.9997569778 0.0001837468 0.0220443074 -485.9140548 0.0220416941 0.009175929 -0.9997149424 115.8993503
118 0.0563208161 0.9983083179 0.014438427 -2590.644996 0.9981879754 -0.0566090763 0.0204004496 -485.3026734 0.0211832845 0.0132632942 -0.999687628 115.9119591
119 0.1124543668 0.9934561583 0.0199719029 -2590.616843 0.9934780395 -0.1127927467 0.016708722 -484.6806483 0.0188520686 0.0179626782 -0.9996609134 115.9224957
120 0.1684157297 0.9853327197 0.0274876977 -2590.553414 0.9855416621 -0.1688449811 0.0141068996 -484.0485048 0.0185411495 0.0247144475 -0.999522597 115.9294233
121 0.2236737252 0.9740647167 0.0341759039 -2590.453491 0.974490319 -0.2241584021 0.0110285473 -483.4053141 0.0184033349 0.0308372913 -0.9993549813 115.9353713
122 0.2770267974 0.9601030164 0.0381883683 -2590.310144 0.9607024747 -0.277486532 0.0072096966 -482.7513736 0.0175188094 0.0346903807 -0.999244549 115.9469347
123 0.3280437895 0.9436695013 0.0433029381 -2590.126305 0.9444839283 -0.3285283039 0.004388935 -482.0898092 0.0183679449 0.0394591662 -0.9990523474 115.9565041
124 0.3755323466 0.9253429173 0.0521147005 -2589.90553 0.9265760774 -0.3761051985 0.0012854891 -481.4194433 0.0207901281 0.0478054921 -0.9986402783 115.9576993
125 0.4197464228 0.9058206748 0.057461688 -2589.639943 0.9073562709 -0.4203595977 -0.0015511973 -480.7434534 0.0227494655 0.0527893324 -0.9983465071 115.9593444
126 0.4605981731 0.8857436024 0.0575116844 -2589.332148 0.8873246889 -0.4611223626 -0.0045894678 -480.0719249 0.022454832 0.0531454379 -0.9983342842 115.9674036
127 0.4980182196 0.8653920403 0.0554478992 -2588.992027 0.8669192202 -0.4983844393 -0.0080010215 -479.4120832 0.0207103498 0.052053504 -0.9984295239 115.9792754
128 0.531835574 0.8451556976 0.0535048514 -2588.61986 0.846623675 -0.5320856135 -0.0106420316 -478.7600944 0.0194749881 0.0509582849 -0.9985108803 115.9894101
129 0.5620499105 0.8253823192 0.0533284652 -2588.216071 0.8268901549 -0.5621996055 -0.0135748026 -478.1085708 0.01877684 0.0517264994 -0.9984847518 115.99852
130 0.5890414615 0.8064721266 0.0513114577 -2587.780591 0.8078972623 -0.5891353564 -0.0148844034 -477.4635509 0.0182255375 0.0502219169 -0.9985717745 116.0092902
131 0.6126414984 0.7888281186 0.0491995293 -2587.314185 0.7901591542 -0.6127037606 -0.0155760319 -476.8245131 0.0178579247 0.048417982 -0.998667509 116.0186632
132 0.6332805087 0.7725496375 0.0460744503 -2586.816515 0.7737022001 -0.6333973225 -0.0138829864 -476.1872482 0.0184581373 0.0444397283 -0.9988415328 116.0273955
133 0.6509158843 0.7579669401 0.0423630648 -2586.284708 0.7589227848 -0.6510720032 -0.0118934168 -475.5459448 0.0185665887 0.039891909 -0.9990314897 116.0363753
134 0.6657278895 0.7451781991 0.0389336444 -2585.7296 0.7459360287 -0.6659641722 -0.0084357781 -474.9060784 0.0196422544 0.0346579408 -0.9992061894 116.0441716
135 0.6780062616 0.734276192 0.0338523715 -2585.153397 0.734798438 -0.6782687862 -0.0047654111 -474.2696068 0.019461879 0.0281056483 -0.9994154831 116.0539814
136 0.687276057 0.7257929059 0.0296020145 -2584.558169 0.726149412 -0.6875341697 -0.0019485729 -473.6345298 0.018938136 0.0228346929 -0.999559865 116.0651758
137 0.6942344172 0.7193028649 0.0253369794 -2583.945427 0.7195076286 -0.6944830289 0.0014474156 -472.9966704 0.0186372323 0.0172253043 -0.9996779194 116.0768942
138 0.6993261613 0.71447807 0.0215408354 -2583.315626 0.7145439652 -0.6995662856 0.0058252756 -472.3536905 0.0192312738 0.0113181063 -0.9997509983 116.0863112
139 0.7024127255 0.7115555014 0.0174680112 -2582.670524 0.7115057125 -0.702609121 0.0100022059 -471.7066786 0.0193903086 0.005402913 -0.9997973917 116.0986042
140 0.7036182673 0.710428108 0.0146026491 -2582.013489 0.7103474742 -0.7037649048 0.0110192887 -471.0479327 0.0181052444 0.0026195821 -0.999832655 116.1118377
141 0.7040284306 0.7100971994 0.0102925353 -2581.342824 0.7099678575 -0.7040996396 0.0137600453 -470.3808035 0.01701794 -0.0023800938 -0.9998523515 116.1282956
142 0.7032814212 0.7108808299 0.0066097079 -2580.657996 0.7107385053 -0.7032849693 0.0155251101 -469.7024379 0.0156850114 -0.0062207476 -0.9998576312 116.1422797
143 0.7020489433 0.7121202892 0.0034604844 -2579.965405 0.711970922 -0.7019873987 0.0176379815 -469.0116999 0.0149895809 -0.009918962 -0.9998384503 116.155316
144 0.7002293719 0.7139178777 0.0003011035 -2579.266513 0.7137730977 -0.7000957387 0.0198474602 -468.3103299 0.014380258 -0.013682855 -0.9998029744 116.1697719
145 0.6977038776 0.7163852269 -0.001227132 -2578.563776 0.7162377458 -0.6975233159 0.0215572556 -467.5983403 0.0145873463 -0.0159194991 -0.9997668623 116.1837178
146 0.6948317976 0.7191635215 -0.0035499971 -2577.855038 0.7189952701 -0.6945427982 0.0256145072 -466.8808888 0.0159553943 -0.0203502052 -0.9996655914 116.1951561
147 0.6918814249 0.7219879819 -0.0057834134 -2577.146282 0.7218179132 -0.6914887577 0.0286739979 -466.1525862 0.0167031165 -0.024013578 -0.9995720854 116.2095504
148 0.6889583431 0.7247473828 -0.0088109371 -2576.440415 0.7246250994 -0.688472546 0.0303976757 -465.4182537 0.0159645476 -0.0273273584 -0.9994990489 116.2256232
149 0.6860003973 0.7274890906 -0.012770194 -2575.737129 0.7274486195 -0.6853915541 0.0325103597 -464.686461 0.0148983489 -0.0315917797 -0.9993898132 116.2454008
150 0.6829320296 0.7303235364 -0.0152110194 -2575.03942 0.7303390052 -0.6822384703 0.0339942221 -463.9524137 0.0144492379 -0.0343249438 -0.9993062682 116.2636367
151 0.6799503395 0.7330512034 -0.0174203653 -2574.344481 0.733109759 -0.6791428884 0.0362631836 -463.2138502 0.0147518532 -0.0374282038 -0.9991904285 116.2798703
152 0.6770316656 0.7356675339 -0.0205281129 -2573.653272 0.7358219665 -0.6761188164 0.037807139 -462.4765845 0.0139340413 -0.0407016667 -0.9990741798 116.2973131
153 0.6741420937 0.7381920534 -0.0245953218 -2572.963893 0.7384984595 -0.6731173707 0.0391539354 -461.73797 0.0123475856 -0.0445589232 -0.9989304478 116.3146538
154 0.6710862157 0.740884192 -0.0270906846 -2572.279336 0.7412806905 -0.669952807 0.040818799 -460.9958181 0.0120925227 -0.0474747348 -0.9987992393 116.3297847
155 0.6679348986 0.7436799793 -0.0283383062 -2571.599152 0.7440951044 -0.6666419897 0.0437142205 -460.2541709 0.0136178858 -0.0502846484 -0.9986420817 116.3417643
156 0.6649750412 0.7462053467 -0.0313970569 -2570.921833 0.7467634643 -0.6636012218 0.0444718652 -459.5097428 0.0123500183 -0.0530188554 -0.9985171396 116.3536307
157 0.6621009796 0.7487602165 -0.0313118364 -2570.250055 0.7493366665 -0.6608513089 0.0420726483 -458.7584978 0.0108098572 -0.0513194487 -0.9986237836 116.3691791
158 0.6596611351 0.7508447256 -0.0328539938 -2569.584903 0.7515366839 -0.6586403901 0.0372216238 -458.0018732 0.0063086926 -0.0492446402 -0.9987668225 116.3840331
159 0.6574823063 0.7527754857 -0.0323432389 -2568.924014 0.7534421562 -0.6564830993 0.0368083901 -457.2501679 0.006475664 -0.0485696248 -0.9987988072 116.3943176
160 0.6551093775 0.7548122218 -0.0330183808 -2568.26829 0.7555262167 -0.6542776771 0.0331791668 -456.4973012 0.0034408512 -0.0466822356 -0.998903864 116.4016883
161 0.6528456539 0.7568072127 -0.0321775543 -2567.616221 0.7574862895 -0.6521031983 0.0312400383 -455.7443796 0.0026596002 -0.0447689794 -0.9989938263 116.4086724
162 0.6503891066 0.7589327114 -0.0318614118 -2566.966663 0.7595999628 -0.6497393961 0.0290966266 -454.9908105 0.0013807672 -0.0431260562 -0.9990686847 116.4118286
163 0.647964132 0.7611079377 -0.0292778215 -2566.321705 0.761668128 -0.6473801777 0.0275784017 -454.2307639 0.0020362591 -0.0401697986 -0.9991907931 116.4152043
164 0.6459848399 0.7628212668 -0.0284130529 -2565.676949 0.7633502385 -0.6455373732 0.0240398264 -453.468008 -3.5967e-06 -0.0372184742 -0.9993071526 116.417185
165 0.6443926312 0.7641944478 -0.0276583209 -2565.033897 0.764689311 -0.6441034126 0.0195205424 -452.7047578 -0.0028973288 -0.033728916 -0.9994268186 116.4201275
166 0.6434606226 0.7649651269 -0.0280496297 -2564.390273 0.7654561571 -0.6432935199 0.0158214671 -451.9373385 -0.0059412745 -0.0316512529 -0.9994813152 116.4215105
167 0.6427708757 0.7655492428 -0.0279277327 -2563.748922 0.7660195261 -0.642678588 0.0133535818 -451.1747966 -0.0077257314 -0.0299764821 -0.999520747 116.420329
168 0.6423672962 0.7658564148 -0.0287786136 -2563.10686 0.7663493714 -0.6422927489 0.0129871333 -450.4079528 -0.0085380155 -0.0303969821 -0.9995014386 116.4151345
169 0.6419966323 0.7661574461 -0.0290360454 -2562.465643 0.7666673129 -0.6418900306 0.0140861625 -449.6447361 -0.0078457298 -0.0313042557 -0.9994791084 116.4074933
170 0.6415775831 0.7665360818 -0.0282955848 -2561.822909 0.7670295801 -0.6414354138 0.0150410494 -448.8817171 -0.006620283 -0.0313535506 -0.9994864315 116.4002179
171 0.6410468609 0.7670148384 -0.0273342217 -2561.179919 0.7674854455 -0.6408586562 0.0163178955 -448.1160665 -0.0050013047 -0.031439153 -0.9994931549 116.3908975
172 0.6404435453 0.7674962176 -0.0279574907 -2560.534617 0.7679902261 -0.6402342415 0.0170624906 -447.3515788 -0.0048039458 -0.0323986416 -0.9994634811 116.3829525
173 0.6397310368 0.7681152551 -0.0272608774 -2559.891269 0.7685846365 -0.6395324353 0.0166108598 -446.5835676 -0.0046751605 -0.0315787741 -0.9994903321 116.3796708
174 0.6392693304 0.768482891 -0.0277266908 -2559.246064 0.7689659259 -0.6390792101 0.0164063412 -445.8130168 -0.0051115592 -0.0318089512 -0.9994808966 116.374152
175 0.6385518706 0.7690473391 -0.0285954321 -2558.601079 0.7695509097 -0.6384040555 0.0152203603 -445.0403482 -0.0065502623 -0.0317246303 -0.9994751832 116.370004
176 0.638089556 0.769372218 -0.0301348427 -2557.954673 0.76991572 -0.637992032 0.0139982547 -444.262975 -0.0084559213 -0.0321334293 -0.9994478176 116.3666208
177 0.6376544052 0.7697487203 -0.0297282211 -2557.308192 0.7702666106 -0.6375982566 0.012562319 -443.4832323 -0.009284833 -0.0309090741 -0.9994790748 116.3604516
178 0.6377235557 0.7697048171 -0.0293796025 -2556.663754 0.7702157057 -0.637651368 0.0129807359 -442.7008116 -0.0087426087 -0.0309067523 -0.9994840366 116.3497555
179 0.6376116788 0.7698274212 -0.0285847613 -2556.016714 0.7703154298 -0.6375272092 0.0131604027 -441.9182018 -0.0080923243 -0.0304105091 -0.999504735 116.3404134
180 0.6374663429 0.7699849473 -0.0275652419 -2555.362318 0.770442839 -0.6373717786 0.0132305621 -441.1301525 -0.0073819736 -0.0296714812 -0.9995324455 116.3313981
181 0.6374831727 0.7699736646 -0.0274910942 -2554.708605 0.7704295033 -0.6373874902 0.0132502012 -440.3377043 -0.0073201736 -0.0296267303 -0.9995342275 116.3203346
182 0.6374417059 0.7700087685 -0.0274694005 -2554.052514 0.7704704389 -0.6373179372 0.0141827266 -439.5448026 -0.0065859178 -0.0302050225 -0.9995220269 116.3127649
183 0.6373873362 0.7700233907 -0.0283083258 -2553.394002 0.7705153662 -0.6372480377 0.0148663696 -438.7523597 -0.0065919727 -0.0312876357 -0.9994886842 116.3042435
184 0.6375655446 0.7698893292 -0.0279391676 -2552.733516 0.7703824356 -0.6373509515 0.0171658831 -437.9606626 -0.0045912248 -0.0324682196 -0.9994622231 116.2973834
185 0.6378244497 0.7696834489 -0.027701262 -2552.070207 0.7701757621 -0.6375489416 0.0189905923 -437.1670596 -0.0030441657 -0.0334475047 -0.9994358396 116.2894112
186 0.6380804902 0.769451134 -0.0282531506 -2551.404597 0.7699654972 -0.6377680856 0.0201246645 -436.3672719 -0.0025340119 -0.0345951069 -0.9993981976 116.284359
187 0.6381358875 0.7693345131 -0.0301163739 -2550.735646 0.7699079444 -0.6378850931 0.0185570772 -435.5660787 -0.0049341861 -0.0350287724 -0.9993741236 116.2804002
188 0.6380184032 0.7694087705 -0.0307027854 -2550.067906 0.7699852106 -0.6378663462 0.0157892324 -434.7574238 -0.0074358996 -0.0337145115 -0.9994038419 116.2798477
189 0.6379560267 0.7694462711 -0.0310571075 -2549.397501 0.7700120099 -0.637893394 0.0131727938 -433.9469959 -0.0096753666 -0.032318009 -0.9994308048 116.2730021
190 0.6377544948 0.7696380746 -0.0304374526 -2548.724384 0.7701624968 -0.6377519782 0.0110518288 -433.1347464 -0.0109056373 -0.030490138 -0.9994755718 116.2634145
191 0.6377998069 0.7696688048 -0.0286589821 -2548.052095 0.7701325355 -0.6378008828 0.0102913373 -432.3201635 -0.0103578027 -0.0286350275 -0.999536268 116.2517907
192 0.6377181999 0.7698257602 -0.0261495019 -2547.377053 0.7702113576 -0.6377203174 0.0093413756 -431.4993103 -0.0094848371 -0.0260978086 -0.9996143968 116.239034
193 0.6377772239 0.7698202946 -0.0248380075 -2546.700553 0.7701790548 -0.6377469835 0.0101493151 -430.6789357 -0.0080272156 -0.0256027151 -0.9996399676 116.2279669
194 0.6376482083 0.7699639035 -0.0236717071 -2546.022408 0.7702926859 -0.6376110834 0.0100640106 -429.8577973 -0.0073444179 -0.0246514412 -0.9996691282 116.2168068
195 0.6376820684 0.7699427308 -0.0234471939 -2545.345512 0.770270189 -0.6376284907 0.0106650715 -429.0393576 -0.0067391046 -0.0248615994 -0.9996681876 116.211489
196 0.6372478516 0.7702934334 -0.0237318808 -2544.66414 0.7706317257 -0.6371818645 0.0112256366 -428.2160343 -0.0064744899 -0.0254420531 -0.9996553321 116.2029387
197 0.6366987877 0.7707090764 -0.0249434012 -2543.980409 0.7710878143 -0.6366045287 0.0125800123 -427.3942819 -0.0061835525 -0.0272432313 -0.9996097089 116.1957085
198 0.6360621548 0.7712264829 -0.0251922077 -2543.29599 0.7716179379 -0.6359410997 0.01358954 -426.5703833 -0.0055401471 -0.0280825515 -0.9995902546 116.1890584
199 0.6352924183 0.7718466803 -0.0256172849 -2542.609825 0.7722510836 -0.6351681175 0.0137741187 -425.7400909 -0.0056397748 -0.0285335692 -0.9995769247 116.1814413
200 0.6347166631 0.7722767021 -0.0268970813 -2541.922422 0.7727161557 -0.6346088965 0.0134644427 -424.9098638 -0.0066708517 -0.0293299154 -0.9995475255 116.1760323
201 0.6340619682 0.7728042644 -0.0271843603 -2541.231814 0.7732450921 -0.6339841803 0.012493466 -424.0748487 -0.0075794505 -0.0289418048 -0.9995523617 116.1704997
202 0.6335870972 0.7731673006 -0.0279233861 -2540.541993 0.77362815 -0.6335204193 0.0123030008 -423.2354384 -0.0081777573 -0.0293973401 -0.9995343519 116.1649683
203 0.6329790407 0.7736370071 -0.0286934719 -2539.849286 0.7741279253 -0.6328920937 0.0131739516 -422.3920677 -0.007968015 -0.0305512531 -0.9995014416 116.1585035
204 0.6323759924 0.7741268421 -0.0287790996 -2539.150572 0.7746377093 -0.6322117613 0.015643152 -421.5472533 -0.0060847014 -0.0321857296 -0.9994633836 116.1482669
205 0.6318542313 0.7745650721 -0.0284460784 -2538.455343 0.7750727981 -0.6316408336 0.0170884442 -420.702238 -0.0047315926 -0.0328451873 -0.9994492512 116.1400508
206 0.6315850914 0.7747568124 -0.029191677 -2537.757702 0.7752969478 -0.6313169699 0.0188022926 -419.8540858 -0.0038619968 -0.0345074658 -0.9993969781 116.1311862
207 0.6314241679 0.7748611046 -0.0298962994 -2537.061358 0.7754273876 -0.6311445489 0.0192074166 -419.0051928 -0.0039858064 -0.0353104364 -0.9993684438 116.1271084
208 0.6312577314 0.7749774955 -0.0303900969 -2536.365497 0.7755568972 -0.6310132315 0.0182702174 -418.1513113 -0.005017546 -0.0351024653 -0.9993711228 116.12234
209 0.6312595311 0.7749215204 -0.0317496719 -2535.669349 0.7755500293 -0.6310185299 0.0183784357 -417.2990954 -0.005792786 -0.0362250217 -0.9993268692 116.1177539
210 0.6312281236 0.7749629661 -0.0313601204 -2534.971557 0.775572979 -0.6310119196 0.0176213398 -416.4454941 -0.006132724 -0.0354451473 -0.9993528062 116.1124177
211 0.6313178833 0.7749306633 -0.0303347556 -2534.272512 0.7754946644 -0.6311519163 0.0159776083 -415.5888866 -0.0067643006 -0.033611391 -0.9994120865 116.1065288
212 0.6314804877 0.7748848156 -0.0280341975 -2533.569153 0.7753688533 -0.6313269301 0.0151475617 -414.7307583 -0.0059611283 -0.0313022332 -0.9994921886 116.1003773
213 0.6319147297 0.7745828787 -0.0265544405 -2532.86857 0.7750079117 -0.6318207579 0.0128556123 -413.8717459 -0.0068199095 -0.0287035522 -0.9995647027 116.0938784
214 0.6324372157 0.7742058009 -0.0250708219 -2532.163605 0.774592421 -0.632318106 0.0134310876 -413.0091551 -0.0054543087 -0.0279139882 -0.9995954481 116.0826145
215 0.6328043199 0.774011404 -0.0215647695 -2531.460363 0.7743029084 -0.6326847563 0.0128454356 -412.142538 -0.0037011873 -0.0248263109 -0.9996849281 116.0726736
216 0.6330327798 0.7738590365 -0.0202901801 -2530.750233 0.7741228811 -0.6328747526 0.0142587724 -411.2815042 -0.0018068629 -0.024733363 -0.9996924507 116.0680242
217 0.6330428259 0.7738642875 -0.0197698035 -2530.040969 0.7741156912 -0.6328781911 0.0144945464 -410.414402 -0.0012950657 -0.0244797838 -0.9996994863 116.0633304
218 0.6332130235 0.7737134056 -0.020219614 -2529.327486 0.7739748132 -0.6330642898 0.0138778083 -409.5460314 -0.0020628692 -0.0244370809 -0.9996992416 116.0637124
219 0.6332491589 0.7736641347 -0.0209597114 -2528.61294 0.7739327441 -0.6331744501 0.0108730595 -408.6692413 -0.0048590576 -0.0231067627 -0.9997211947 116.0642426
220 0.6331248168 0.7737196893 -0.0226010772 -2527.893777 0.7740201821 -0.6330857976 0.009753491 -407.7959133 -0.0067619529 -0.0236688671 -0.9996969845 116.0640205
221 0.6328138781 0.7739716498 -0.022682176 -2527.176286 0.7742743382 -0.6327742789 0.009795979 -406.9201764 -0.0067708876 -0.0237612582 -0.9996947322 116.0584079
222 0.6324617261 0.7743012949 -0.0212054187 -2526.458288 0.7745755586 -0.6323878274 0.0108784087 -406.0423886 -0.0049868828 -0.0233053762 -0.9997159549 116.0500664
223 0.6322199128 0.7744945787 -0.021357186 -2525.735895 0.774782062 -0.632090608 0.0131992312 -405.1627705 -0.0032769437 -0.0248919814 -0.9996847758 116.039705
224 0.6319682522 0.7747210095 -0.0205787674 -2525.015329 0.7749919618 -0.6318084253 0.0143378138 -404.2764797 -0.001894033 -0.0250094225 -0.9996854212 116.0332225
225 0.631648328 0.7750073194 -0.0195970567 -2524.294874 0.7752550425 -0.631443416 0.0160882403 -403.3931301 9.40716e-05 -0.0253548272 -0.9996785103 116.0313828
226 0.6313780405 0.775106586 -0.0239071194 -2523.570746 0.7754734966 -0.6311409759 0.0173759786 -402.5087146 -0.0016205272 -0.0295101487 -0.9995631671 116.0253503
227 0.630792544 0.7755238207 -0.0257598524 -2522.84386 0.7759283336 -0.6306826671 0.0132134248 -401.6171719 -0.0059989667 -0.0283227292 -0.9995808299 116.0267365
228 0.6304653618 0.7756755359 -0.0289981124 -2522.119381 0.7761626045 -0.6304246203 0.0116794506 -400.7293223 -0.0092216599 -0.0298707395 -0.9995112305 116.021283
229 0.6299676995 0.7761358938 -0.0274549087 -2521.393616 0.7765778875 -0.6299126411 0.0116982576 -399.8402067 -0.0082147565 -0.0286903995 -0.9995545902 116.00917
230 0.6299593022 0.7762587068 -0.0239519854 -2520.671796 0.7766088447 -0.629861419 0.0123812419 -398.9474224 -0.0054753847 -0.0264010022 -0.9996364375 115.9970734
231 0.6298650792 0.7763908082 -0.0220747567 -2519.946598 0.7766976399 -0.629725045 0.0136800523 -398.0534211 -0.0032799603 -0.0257619987 -0.9996627238 115.986094
232 0.6295504571 0.7766716828 -0.0211499194 -2519.219863 0.7769521135 -0.6294306081 0.0127484493 -397.1573089 -0.003411047 -0.0244582666 -0.9996950325 115.9799647
233 0.6292014768 0.7769390825 -0.0217063024 -2518.49223 0.7772232899 -0.6291357466 0.0105910311 -396.2576454 -0.0054276248 -0.0235345361 -0.9997082907 115.9749831
234 0.6287025732 0.7773820731 -0.02025307 -2517.763716 0.7776298899 -0.6286432926 0.0099682004 -395.3573288 -0.0049828563 -0.0220164258 -0.9997451916 115.9703561
235 0.6284829988 0.7776346957 -0.0171289321 -2517.039076 0.7778210436 -0.6283820491 0.011420356 -394.4578383 -0.0018826484 -0.0205007434 -0.9997880651 115.9613271
236 0.6282273212 0.777898616 -0.0142890202 -2516.314812 0.7780282155 -0.6280825132 0.013581328 -393.5562456 0.0015902125 -0.0196494222 -0.9998056668 115.9544104
237 0.627933948 0.7781424075 -0.0139050591 -2515.588164 0.77826416 -0.6277866491 0.0137411915 -392.651495 0.0019631934 -0.0194503698 -0.9998088962 115.9526267
238 0.6273603813 0.7785214507 -0.0179806208 -2514.8549 0.7787244216 -0.6272690981 0.0110342082 -391.7489103 -0.0026883201 -0.0209243736 -0.999777447 115.957511
239 0.6265808967 0.7790572198 -0.0215923189 -2514.120122 0.7793193971 -0.6265805769 0.0076195816 -390.8389001 -0.0075932376 -0.0216015972 -0.9997378225 115.9551433
240 0.6261935622 0.7793184479 -0.0233319397 -2513.388571 0.7796114308 -0.6262273095 0.0067360049 -389.9334816 -0.009361605 -0.0224078898 -0.9997050799 115.9501069
241 0.6256737794 0.7797929146 -0.0213385122 -2512.656049 0.7800447859 -0.625684676 0.0069870015 -389.0239255 -0.0079027658 -0.0210165788 -0.9997478931 115.9381078
242 0.6253353932 0.780123727 -0.0190424916 -2511.926771 0.780339048 -0.6252968467 0.0086500703 -388.1137604 -0.0051590848 -0.0202687949 -0.999781256 115.9263922
243 0.6249882507 0.7804256556 -0.0180411335 -2511.192698 0.7806308424 -0.624886013 0.0115307712 -387.2007609 -0.0022747423 -0.0212900618 -0.9997707531 115.9160205
244 0.624379416 0.7809027379 -0.0184731929 -2510.456634 0.7811189633 -0.6242597108 0.0123684543 -386.2820314 -0.0018735102 -0.0221523696 -0.9997528507 115.9100267
245 0.6237836839 0.7813181494 -0.0208773851 -2509.716153 0.7815933963 -0.6236396533 0.0136141699 -385.3628893 -0.0023829672 -0.0248099234 -0.9996893463 115.9070726
246 0.6230086704 0.7818802425 -0.0228797516 -2508.97121 0.78220365 -0.6228902058 0.0128546317 -384.4402251 -0.0042007906 -0.0259051722 -0.9996555784 115.9078457
247 0.6226154495 0.7821785737 -0.0233812101 -2508.231497 0.7825083945 -0.6225331745 0.0115351298 -383.5107083 -0.0055330476 -0.0254779432 -0.9996600721 115.9045145
248 0.6226203714 0.7821693748 -0.0235572113 -2507.491687 0.7825047057 -0.6225344218 0.0117166246 -382.5813224 -0.0055007899 -0.0257286378 -0.9996538293 115.9000122
249 0.6225932758 0.782231297 -0.0221768116 -2506.75319 0.7825389351 -0.6224548637 0.0135187918 -381.6530247 -0.0032292422 -0.0257709274 -0.9996626587 115.8930069
250 0.6228304885 0.7820561322 -0.0216884467 -2506.010605 0.7823558603 -0.6226336188 0.0157061964 -380.7184354 -0.0012208289 -0.0267503814 -0.999641399 115.8859695
251 0.6231475129 0.7818262091 -0.0208555947 -2505.265503 0.7821043055 -0.6229197651 0.0168470031 -379.7789989 0.0001800664 -0.0268094184 -0.9996405467 115.8827804
252 0.6235267387 0.7814728295 -0.0226853022 -2504.513688 0.7818016068 -0.6232938656 0.0170588626 -378.8444889 -0.0008085721 -0.0283720626 -0.999597105 115.8799754
253 0.6240161561 0.7810256505 -0.0245513779 -2503.763852 0.7814015525 -0.6238582319 0.0145780745 -377.9027109 -0.0039307291 -0.0282814388 -0.9995922717 115.88009
254 0.6245174173 0.7806237491 -0.0245877577 -2503.010775 0.7809926313 -0.6244084841 0.0128278954 -376.960483 -0.0053390447 -0.0272141017 -0.9996153697 115.8777914
255 0.6251739432 0.7801273848 -0.0236390392 -2502.257071 0.7804771849 -0.6250199131 0.0143342969 -376.0181798 -0.0035922927 -0.0274111596 -0.9996177888 115.8721805
256 0.6257326704 0.7797156443 -0.0224084633 -2501.502738 0.7800357436 -0.6255352725 0.0158070103 -375.0754773 -0.001692311 -0.0273703651 -0.9996239289 115.8632241
257 0.6263277842 0.7792702089 -0.0212473134 -2500.746847 0.7795598158 -0.6260957838 0.0170459125 -374.1287366 -1.94816e-05 -0.0272398803 -0.9996289254 115.8601111
258 0.6269096702 0.7788311706 -0.0201562198 -2499.987114 0.7790918875 -0.6266894748 0.0166172504 -373.1786853 0.0003103418 -0.0261210623 -0.9996587387 115.8578573
259 0.6273724721 0.7785014467 -0.0184195218 -2499.227259 0.7787192312 -0.6272082473 0.0143587442 -372.2283866 -0.0003745729 -0.0233519167 -0.9997272366 115.8582428
260 0.6279032609 0.7780795786 -0.018156662 -2498.462696 0.7782869204 -0.6278078685 0.0112583172 -371.2749895 -0.0026390286 -0.0212002266 -0.9997717669 115.8583245
261 0.6286349389 0.7774981496 -0.0177409412 -2497.697183 0.7776891857 -0.6285853945 0.0089404824 -370.3216596 -0.004200488 -0.0194172377 -0.9998026439 115.8561968
262 0.6290370692 0.7771682657 -0.0179402428 -2496.929977 0.7773510138 -0.6290323265 0.00661313 -369.3694065 -0.0061454779 -0.0181057698 -0.9998171904 115.850481
263 0.6294829109 0.7767806203 -0.0190560443 -2496.160269 0.7769881314 -0.6294737425 0.0072284963 -368.4173961 -0.0063803237 -0.0193565352 -0.9997922864 115.8457595
264 0.6297449916 0.7765593627 -0.0194113791 -2495.385815 0.776770455 -0.6297477946 0.0067361338 -367.4614058 -0.0069932654 -0.0193202323 -0.9997888891 115.8378963
265 0.6301038269 0.7762537146 -0.0199834422 -2494.61119 0.7764836754 -0.6300885293 0.0078451938 -366.5065587 -0.0065014769 -0.0204601033 -0.9997695309 115.830955
266 0.6306713595 0.7757898399 -0.0200937978 -2493.8396 0.7760255517 -0.6306456544 0.0083905687 -365.5551691 -0.0061627484 -0.0208849919 -0.9997628907 115.8210316
267 0.6311883286 0.7754223968 -0.0179276416 -2493.064175 0.775627144 -0.631075994 0.0120674432 -364.6007781 -0.0019563385 -0.0215219948 -0.999766461 115.811697
268 0.631445061 0.7752384851 -0.0168055388 -2492.28781 0.7754203661 -0.6312790692 0.0144911253 -363.6455177 0.0006250931 -0.0221817065 -0.9997537603 115.8049657
269 0.6315754205 0.7751272492 -0.0170363056 -2491.503736 0.7753135439 -0.6313886999 0.015401893 -362.6874563 0.0011818961 -0.0229359355 -0.9997362382 115.8044229
270 0.6317095021 0.7749928031 -0.0181455279 -2490.721917 0.7752025225 -0.6315957796 0.0121581417 -361.7244049 -0.0020381665 -0.0217468727 -0.9997614312 115.8038134
271 0.6322171589 0.7745921197 -0.0175645143 -2489.939942 0.774787105 -0.6321253639 0.0110664467 -360.7582284 -0.0025309926 -0.0206051566 -0.9997844876 115.802078
272 0.6328096864 0.7741560208 -0.0153087 -2489.157049 0.774307357 -0.6326825818 0.0126833605 -359.7959929 0.000133352 -0.0198797924 -0.9998023685 115.7961995
273 0.6332557102 0.773803615 -0.0146687023 -2488.372977 0.7739415937 -0.6331099844 0.0136439449 -358.8319598 0.001270832 -0.0199928249 -0.9997993158 115.7926835
274 0.6336326715 0.7734179915 -0.0182824484 -2487.580485 0.773632175 -0.633506161 0.0127750485 -357.8647871 -0.0017015913 -0.0222385784 -0.9997512442 115.7949925
275 0.6335158479 0.7734267717 -0.0216494637 -2486.783669 0.7736952529 -0.6335036808 0.0082910823 -356.8950214 -0.0073024699 -0.0220026193 -0.9997312432 115.7939665
276 0.6337380924 0.7732532723 -0.0213402675 -2485.990461 0.7735168201 -0.6337180692 0.0085520614 -355.9236895 -0.0069108036 -0.0219268229 -0.9997356927 115.7855706
277 0.634235246 0.7728929006 -0.0195503704 -2485.199077 0.7731298059 -0.6341546236 0.0108727451 -354.9561725 -0.0039944903 -0.0220108522 -0.9997497519 115.7733812
278 0.6346319569 0.772639765 -0.0164338929 -2484.406243 0.7728141143 -0.6344663819 0.014517403 -353.9849425 0.0007899703 -0.0219135523 -0.9997595572 115.7636384
279 0.6346974089 0.7726313455 -0.0141422406 -2483.611815 0.7727551088 -0.6345164502 0.0154407372 -353.0161219 0.0029565133 -0.0207286846 -0.9997807663 115.7588584
280 0.6350085301 0.7723183009 -0.0169884928 -2482.814066 0.7725032734 -0.6348053001 0.0161531316 -352.0479677 0.0016909738 -0.0233810427 -0.999725196 115.7649379
281 0.6350616679 0.7722109122 -0.0196719364 -2482.014367 0.7724558156 -0.6349482691 0.0123575288 -351.0751889 -0.0029480433 -0.0230434946 -0.9997301168 115.7694604
282 0.6353397404 0.7719385412 -0.0213143837 -2481.213964 0.7722196698 -0.6352475578 0.0117184455 -350.1006986 -0.0044939905 -0.0239045804 -0.9997041438 115.7669286
283 0.6354008338 0.7718813628 -0.0215625205 -2480.410389 0.7721784237 -0.6352402174 0.0145033851 -349.1314746 -0.0025024875 -0.0258655761 -0.9996622977 115.7561598
284 0.635598047 0.7717350772 -0.0209783997 -2479.605721 0.7720197542 -0.6353352577 0.0182923305 -348.1568647 0.0007885161 -0.0278223086 -0.9996125736 115.7508172
285 0.6355125123 0.7718007116 -0.0211543923 -2478.79734 0.7720891818 -0.6352208505 0.0193071602 -347.1794229 0.0014635689 -0.0286030194 -0.9995897785 115.7508123
286 0.6353995057 0.7718391179 -0.0230617459 -2477.98896 0.772183571 -0.6351149576 0.0190137668 -346.2020574 2.87092e-05 -0.0298892393 -0.9995532165 115.7552476
287 0.6350318427 0.7720691307 -0.0253735318 -2477.178143 0.7724774715 -0.6348361937 0.0161729165 -345.2237131 -0.0036214268 -0.0298707987 -0.9995472078 115.7572949
288 0.6349576759 0.7720916544 -0.0265184282 -2476.373514 0.7725206423 -0.634845039 0.0135511489 -344.2396455 -0.0063723636 -0.0290904392 -0.9995564713 115.7564656
289 0.6348462693 0.7722150162 -0.0255770009 -2475.570331 0.7726049745 -0.6347790844 0.0117075774 -343.2559259 -0.0071949781 -0.02719343 -0.9996042965 115.7503951
290 0.6347551303 0.7723685212 -0.0230822889 -2474.771176 0.7726932369 -0.6346708868 0.0117484885 -342.2790559 -0.0055754941 -0.0252929419 -0.9996645342 115.7420415
291 0.6345466403 0.7726140614 -0.0204468403 -2473.973781 0.7728792609 -0.6344182631 0.0130811138 -341.3046371 -0.0028651964 -0.0241035156 -0.9997053622 115.7329242
292 0.6343655319 0.7727742318 -0.0200089612 -2473.179748 0.7730310618 -0.634212496 0.0140530207 -340.3349438 -0.0018301209 -0.0243823004 -0.9997010324 115.7290909
293 0.633833485 0.7731711205 -0.0214832882 -2472.377519 0.7734617363 -0.6337072488 0.0131173695 -339.3589534 -0.0034721442 -0.0249307294 -0.9996831513 115.7284059
294 0.6332030728 0.7736576237 -0.0225333067 -2471.574327 0.7739751385 -0.6330781418 0.0132117882 -338.3848816 -0.0040439433 -0.025805964 -0.9996587912 115.7246328
295 0.6327210517 0.7740422929 -0.0228604376 -2470.77103 0.7743692813 -0.6325905482 0.0134690184 -337.4114044 -0.0040357069 -0.0262245521 -0.999647931 115.7182063
296 0.6322918691 0.7744060575 -0.0224109428 -2469.967056 0.7747198039 -0.6321690929 0.0130944062 -336.427657 -0.0040271179 -0.0256416878 -0.9996630863 115.7129289
297 0.6319926233 0.7746391592 -0.022792479 -2469.162524 0.7749570912 -0.6319016986 0.0119058798 -335.4421267 -0.0051798455 -0.0251876215 -0.9996693218 115.7093206
298 0.6314850996 0.775120703 -0.02035841 -2468.361761 0.7753691562 -0.6314351535 0.0096082514 -334.4553813 -0.0054074612 -0.0218527508 -0.9997465762 115.7017863
299 0.6313032394 0.7753346172 -0.0176762946 -2467.558634 0.7755303469 -0.6312222508 0.0105428232 -333.461402 -0.0029834547 -0.0203642213 -0.9997881763 115.6950399
300 0.6310169185 0.7756136776 -0.0155264837 -2466.751486 0.7757626126 -0.6309669268 0.0085502122 -332.4644402 -0.0031650361 -0.0174401941 -0.9998428987 115.6891707
301 0.6309875957 0.7756836964 -0.0130175762 -2465.940859 0.7757919716 -0.630871757 0.0121508418 -331.4559977 0.0012127888 -0.0177659616 -0.9998414373 115.6833317
302 0.630525835 0.7760997558 -0.0103121516 -2465.130575 0.7761597665 -0.6304011194 0.013055476 -330.4573099 0.0036315598 -0.0162356921 -0.9998615975 115.6801013
303 0.6307455598 0.7758695453 -0.0136560425 -2464.315233 0.7759788825 -0.6305460889 0.016383032 -329.4585171 0.0041003314 -0.0209303253 -0.9997725285 115.684602
304 0.6307457958 0.775753004 -0.0191577107 -2463.494557 0.7759871396 -0.6306128086 0.0130936955 -328.4524031 -0.0019236241 -0.0231249305 -0.9997307324 115.6925571
305 0.6307899317 0.7755869982 -0.023851004 -2462.672937 0.775938573 -0.6306712195 0.0131584171 -327.4479806 -0.0048366446 -0.026807111 -0.999628924 115.6973567
306 0.631018368 0.7754478173 -0.0222823195 -2461.855841 0.7757651084 -0.6308326734 0.015447809 -326.4459799 -0.0020774454 -0.0270336972 -0.9996323641 115.6879438
307 0.631666629 0.7749813779 -0.0200283237 -2461.042548 0.7752401137 -0.6314494639 0.0165632314 -325.4397214 0.0001893216 -0.0259892005 -0.9996622058 115.6797025
308 0.6319392615 0.7747638916 -0.0198414228 -2460.223395 0.7750167094 -0.6317763202 0.0144146215 -324.431908 -0.0013674129 -0.0244865995 -0.9996992231 115.6784528
309 0.6321354207 0.7745341912 -0.0223963515 -2459.397833 0.7748417261 -0.632045018 0.0118065496 -323.419399 -0.005010926 -0.0248169659 -0.999679453 115.677255
310 0.6320710739 0.7745590603 -0.0233328038 -2458.572078 0.7748788551 -0.6320305136 0.0100094871 -322.4055076 -0.0069941051 -0.0244068036 -0.9996776433 115.6730555
311 0.6322176752 0.7744763642 -0.0220719812 -2457.744774 0.774772437 -0.6321423203 0.0111246481 -321.3887038 -0.0053368564 -0.0241339618 -0.9996944883 115.659937
312 0.6324724026 0.774338578 -0.0194531912 -2456.918203 0.7745794836 -0.6323446538 0.0129175195 -320.374721 -0.0022985877 -0.0232380174 -0.9997273183 115.6473008
313 0.6325069961 0.7743372863 -0.0183484839 -2456.085454 0.7745545579 -0.6323407326 0.0145063697 -319.3605559 -0.0003696708 -0.0233872822 -0.9997264118 115.6441107
314 0.6323154264 0.7744746067 -0.0191385764 -2455.255316 0.7747102708 -0.6321567166 0.0142085192 -318.3430703 -0.0010944423 -0.0238111175 -0.9997158761 115.6415561
315 0.6319314841 0.77476729 -0.0199560945 -2454.417915 0.7750221987 -0.6317796309 0.0139674442 -317.3231618 -0.0017863351 -0.024292884 -0.9997032884 115.6423795
316 0.6317808747 0.7748915898 -0.0198985038 -2453.587948 0.7751455388 -0.6316218983 0.0142538168 -316.304171 -0.001523168 -0.0244295253 -0.9997003942 115.6430323
317 0.6316436534 0.7750351797 -0.0186216356 -2452.754266 0.775258681 -0.6314774481 0.014498624 -315.2807847 -0.0005221993 -0.0235945484 -0.9997214735 115.6406677
318 0.6315803481 0.7750767042 -0.019035925 -2451.921046 0.7753096466 -0.6314242293 0.0140852592 -314.2597085 -0.001102588 -0.0236547092 -0.9997195802 115.6396497
319 0.6310111071 0.7755002937 -0.0205979915 -2451.081851 0.7757664355 -0.6308983188 0.0123995476 -313.2405278 -0.0033793854 -0.0238034827 -0.9997109452 115.6387206
320 0.6303640466 0.7760025994 -0.021474041 -2450.245718 0.7762866103 -0.630272649 0.0116398734 -312.2184068 -0.0045019287 -0.0240073681 -0.9997016449 115.6378757
321 0.6299602353 0.7763282793 -0.0215523711 -2449.412982 0.7766182664 -0.6298447266 0.0126368 -311.199645 -0.0037643421 -0.0246986465 -0.9996878546 115.6312978
322 0.6297172384 0.7765484238 -0.0207061622 -2448.583837 0.776823713 -0.629529205 0.0154239744 -310.1789466 -0.0010576709 -0.0257977804 -0.9996666224 115.6285203
323 0.6296310125 0.776640639 -0.0198521026 -2447.751526 0.7768928698 -0.6293748251 0.0180221627 -309.1611803 0.0015023304 -0.0267702696 -0.9996404832 115.6213146
324 0.6298416031 0.7764851216 -0.0192460624 -2446.920798 0.7767023161 -0.6294475184 0.0230072546 -308.1475214 0.0057504047 -0.0294393874 -0.9995500264 115.6248367
325 0.6298108339 0.7764691 -0.0208338727 -2446.087005 0.7767253205 -0.6293579705 0.0246235969 -307.1319373 0.0060074982 -0.0316904046 -0.9994796787 115.6293984
326 0.6297664991 0.7764557194 -0.0225980622 -2445.256266 0.7767815815 -0.6294178605 0.0210601879 -306.1147756 0.0021286794 -0.0308167593 -0.9995227842 115.6383014
327 0.6302001066 0.7759760762 -0.0266262051 -2444.423825 0.7764291203 -0.6299314427 0.0185525951 -305.0964057 -0.0023763139 -0.0323652084 -0.9994732845 115.6414146
328 0.6299632432 0.7760943579 -0.0287029581 -2443.593598 0.7765654545 -0.6299420881 0.010911485 -304.0722878 -0.0096128595 -0.0291635602 -0.9995284287 115.6407812
329 0.6307174657 0.7753675204 -0.0316336332 -2442.763457 0.7759233978 -0.6307387027 0.0105626527 -303.0542765 -0.011762619 -0.0312073257 -0.9994437171 115.632607
330 0.6303148667 0.7757545041 -0.0301349993 -2441.937587 0.7762592528 -0.6303330796 0.0100886633 -302.0337586 -0.0111687609 -0.0297516065 -0.9994949228 115.6174207
